N         AVERAGE        STD-DEVIATION       AV: COUNT / N

7501      11.121         1.80620015502       0.001482602319 
7502      11.253         1.67122440145       0.001499999999 
7503      11.273         1.69483657029       0.001502465680 
7504      11.253         1.67779349146       0.001499600213 
7505      11.275         1.63321002936       0.001502331778 
7506      11.311         1.60258509914       0.001506927791 
7507      11.194         1.77774126351       0.001491141601 
7508      11.255         1.71696680224       0.001499067661 
7509      11.213         1.73136680111       0.001493274736 
7510      11.198         1.72069637066       0.001491078561 
7511      11.221         1.6377298312        0.001493942218 
7512      11.166         1.71302189128       0.001486421725 
7513      11.203         1.66186371282       0.001491148675 
7514      11.174         1.76570779009       0.001487090763 
7515      11.243         1.66311484871       0.001496074517 
7516      11.304         1.65577293129       0.001503991484 
7517      11.236         1.72924954821       0.001494745244 
7518      11.148         1.69708455888       0.001482841181 
7519      11.131         1.74809582117       0.001480383029 
7520      11.246         1.73363317919       0.001495478723 
7521      11.18          1.71685759456       0.001486504454 
7522      11.252         1.67047777597       0.001495878755 
7523      11.235         1.7331402136        0.001493420178 
7524      11.094         1.86203222314       0.001474481658 
7525      11.245         1.77340773653       0.001494352159 
7526      11.155         1.7654956811        0.001482195057 
7527      11.188         1.70254397887       0.001486382356 
7528      11.158         1.80084313587       0.001482199787 
7529      11.187         1.67810339372       0.001485854695 
7530      11.145         1.79275625783       0.001480079681 
7531      11.201         1.68065433686       0.001487319081 
7532      11.243         1.72799045136       0.001492697822 
7533      11.302         1.6819024942        0.001500331873 
7534      11.187         1.67691114851       0.001484868595 
7535      11.279         1.66588084808       0.001496881220 
7536      11.257         1.71550313319       0.001493763269 
7537      11.202         1.71324137237       0.001486267745 
7538      11.187         1.73263700757       0.001484080657 
7539      11.196         1.66900689034       0.001485077596 
7540      11.267         1.70930131925       0.001494297082 
7541      11.153         1.76736838265       0.001478981567 
7542      11.165         1.6833820125        0.001480376557 
7543      11.215         1.65552861648       0.001486808961 
7544      11.234         1.68797037889       0.001489130434 
7545      11.17          1.7196220515        0.001480450629 
7546      11.159         1.6271813052        0.001478796713 
7547      11.291         1.6322741804        0.001496091162 
7548      11.233         1.66153874466       0.001488208797 
7549      11.248         1.71537051391       0.001489998675 
7550      11.271         1.67855860785       0.001492847682 
7551      11.27          1.70443539039       0.001492517547 
7552      11.294         1.74286086651       0.001495497881 
7553      11.22          1.69103518591       0.001485502449 
7554      11.282         1.65966141125       0.001493513370 
7555      11.158         1.73292700366       0.001476902713 
7556      11.262         1.6838515374        0.001490471148 
7557      11.309         1.68271179945       0.001496493317 
7558      11.258         1.65210048121       0.001489547499 
7559      11.148         1.69177303442       0.001474798253 
7560      11.251         1.62665269803       0.001488227513 
7561      11.214         1.75277037857       0.001483137151 
7562      11.227         1.67076958316       0.001484660142 
7563      11.196         1.69280359168       0.001480364934 
7564      11.188         1.72065568897       0.001479111581 
7565      11.226         1.73347166115       0.001483939193 
7566      11.222         1.70666809896       0.001483214380 
7567      11.161         1.91496187952       0.001474957050 
7568      11.216         1.69391381127       0.001482029598 
7569      11.17          1.70970757734       0.001475756374 
7570      11.23          1.65683433089       0.001483487450 
7571      11.185         1.78851195132       0.001477347774 
7572      11.238         1.7559487464        0.001484152139 
7573      11.267         1.67860388418       0.001487785553 
7574      11.137         1.85532503891       0.001470425138 
7575      11.14          1.72869893272       0.001470627062 
7576      11.219         1.73983878564       0.001480860612 
7577      11.252         1.70308426098       0.001485020456 
7578      11.167         1.76610050677       0.001473607812 
7579      11.256         1.63782294525       0.001485156353 
7580      11.272         1.65167066935       0.001487071240 
7581      11.249         1.71668255656       0.001483841181 
7582      11.213         1.74230623026       0.001478897388 
7583      11.261         1.71314885518       0.001485032309 
7584      11.209         1.74909090673       0.001477979957 
7585      11.276         1.69228366417       0.001486618325 
7586      11.269         1.6494359642        0.001485499604 
7587      11.205         1.82838043087       0.001476868327 
7588      11.215         1.74893539046       0.001477991565 
7589      11.174         1.72270833283       0.001472394254 
7590      11.2           1.61369142032       0.001475625823 
7591      11.188         1.76653785694       0.001473850612 
7592      11.316         1.6649756755        0.001490516332 
7593      11.307         1.70902047969       0.001489134729 
7594      11.188         1.67471072129       0.001473268369 
7595      11.259         1.63826707224       0.001482422646 
7596      11.191         1.73277782765       0.001473275408 
7597      11.231         1.76455065102       0.001478346715 
7598      11.214         1.79727682898       0.001475914714 
7599      11.28          1.65879474318       0.001484405842 
7600      11.229         1.71655439762       0.001477499999 
7601      11.228         1.681075846         0.001477174056 
7602      11.233         1.71368345969       0.001477637463 
7603      11.125         1.73013727779       0.001463238195 
7604      11.231         1.6569969825        0.001476985796 
7605      11.216         1.73589861455       0.001474819197 
7606      11.19          1.75553410676       0.001471206941 
7607      11.247         1.70058548741       0.001478506638 
7608      11.208         1.79241066723       0.001473186119 
7609      11.195         1.77115075586       0.001471284005 
7610      11.199         1.68742377606       0.001471616294 
7611      11.373         1.51653255817       0.001494284588 
7612      11.221         1.70122279552       0.001474119810 
7613      11.188         1.70899268577       0.001469591488 
7614      11.239         1.68697332522       0.001476096664 
7615      11.312         1.62746920094       0.001485489166 
7616      11.301         1.68712744036       0.001483849789 
7617      11.208         1.65732796996       0.001471445450 
7618      11.17          1.76496458888       0.001466264111 
7619      11.21          1.73317627494       0.001471321695 
7620      11.217         1.71985784296       0.001472047244 
7621      11.218         1.7217653731        0.001471985303 
7622      11.307         1.66094882522       0.001483468905 
7623      11.187         1.82648049538       0.001467532467 
7624      11.204         1.77830930943       0.001469569779 
7625      11.217         1.75781426778       0.001471081967 
7626      11.221         1.73786046621       0.001471413585 
7627      11.14          1.81063524764       0.001460600498 
7628      11.202         1.7604533507        0.001468536969 
7629      11.305         1.67868251912       0.001481845589 
7630      11.26          1.73620275314       0.001475753604 
7631      11.208         1.708430859         0.001468745904 
7632      11.174         1.7209660078        0.001464098532 
7633      11.131         1.86811107807       0.001458273287 
7634      11.3           1.72684683745       0.001480220068 
7635      11.202         1.63254280189       0.001467190569 
7636      11.204         1.71183644079       0.001467260345 
7637      11.242         1.70394718228       0.001472043996 
7638      11.295         1.66792535804       0.001478790259 
7639      11.221         1.67694931349       0.001468909543 
7640      11.281         1.71523730137       0.001476570680 
7641      11.216         1.70333320287       0.001467870697 
7642      11.256         1.70072455148       0.001472912850 
7643      11.285         1.68040917636       0.001476514457 
7644      11.13          1.78580514055       0.001456043956 
7645      11.253         1.68967186163       0.001471942446 
7646      11.257         1.75184217326       0.001472273083 
7647      11.258         1.67135753207       0.001472211324 
7648      11.17          1.74788443554       0.001460512552 
7649      11.156         1.65458877066       0.001458491306 
7650      11.166         1.71302189128       0.001459607843 
7651      11.317         1.67705426269       0.001479153051 
7652      11.143         1.81067694523       0.001456220595 
7653      11.248         1.64210109311       0.001469750424 
7654      11.286         1.57803802236       0.001474523125 
7655      11.259         1.58742527383       0.001470803396 
7656      11.311         1.71647283695       0.001477403343 
7657      11.261         1.6843037137        0.001470680423 
7658      11.283         1.57191316554       0.001473361190 
7659      11.171         1.67324803899       0.001458545502 
7660      11.239         1.73028292484       0.001467232375 
7661      11.144         1.75250221113       0.001454640386 
7662      11.275         1.68919359459       0.001471547898 
7663      11.243         1.74124983848       0.001467179955 
7664      11.263         1.70875129846       0.001469598121 
7665      11.278         1.65671844319       0.001471363339 
7666      11.21          1.67687208815       0.001462301069 
7667      11.206         1.79319937542       0.001461588626 
7668      11.219         1.70206903503       0.001463093375 
7669      11.328         1.65843781915       0.001477115660 
7670      11.265         1.72010900817       0.001468709256 
7671      11.211         1.80124373698       0.001461478294 
7672      11.258         1.71622725768       0.001467413972 
7673      11.247         1.68285204341       0.001465789130 
7674      11.184         1.84990378128       0.001457388584 
7675      11.229         1.8293602707        0.001463061889 
7676      11.22          1.77189164454       0.001461698801 
7677      11.237         1.72824506364       0.001463722808 
7678      11.21          1.67029937436       0.001460015629 
7679      11.225         1.61194757979       0.001461778877 
7680      11.247         1.75499031336       0.001464453124 
7681      11.341         1.66634900306       0.001476500455 
7682      11.23          1.64896937509       0.001461858890 
7683      11.218         1.81617069682       0.001460106729 
7684      11.246         1.71157354502       0.001463560645 
7685      11.3           1.62542302186       0.001470396877 
7686      11.166         1.79009608681       0.001452771272 
7687      11.3           1.66192659284       0.001470014309 
7688      11.264         1.67818473357       0.001465140478 
7689      11.223         1.69978557471       0.001459617635 
7690      11.192         1.73410956978       0.001455396618 
7691      11.249         1.73579923954       0.001462618645 
7692      11.238         1.77464249921       0.001460998439 
7693      11.346         1.68056062075       0.001474847263 
7694      11.199         1.72203339108       0.001455549779 
7695      11.312         1.69842750802       0.001470045484 
7696      11.141         1.7604314812        0.001447635135 
7697      11.215         1.6937458487        0.001457061192 
7698      11.203         1.6804139371        0.001455313068 
7699      11.214         1.67755894084       0.001456552799 
7700      11.256         1.65784920907       0.001461818181 
7701      11.22          1.76567267635       0.001456953642 
7702      11.29          1.70935660411       0.001465853025 
7703      11.231         1.74803861513       0.001458003375 
7704      11.252         1.67287058675       0.001460539979 
7705      11.294         1.67378732221       0.001465801427 
7706      11.283         1.77733255189       0.001464183752 
7707      11.266         1.73298701669       0.001461787984 
7708      11.235         1.63761259155       0.001457576543 
7709      11.28          1.66841241904       0.001463224802 
7710      11.295         1.71463552978       0.001464980544 
7711      11.211         1.81231316278       0.001453897030 
7712      11.227         1.75825794467       0.001455783195 
7713      11.277         1.5969567934        0.001462077012 
7714      11.205         1.63797893759       0.001452553798 
7715      11.263         1.66127390878       0.001459883344 
7716      11.217         1.70232517458       0.001453732503 
7717      11.236         1.72461705894       0.001456006220 
7718      11.312         1.69134739187       0.001465664679 
7719      11.308         1.64776697382       0.001464956600 
7720      11.262         1.68503887196       0.001458808290 
7721      11.259         1.82590224273       0.001458230799 
7722      11.288         1.72773146062       0.001461797461 
7723      11.18          1.74516474867       0.001447623980 
7724      11.28          1.72092998114       0.001460383221 
7725      11.234         1.69977763252       0.001454239482 
7726      11.229         1.72990144228       0.001453404090 
7727      11.202         1.74905574525       0.001449721754 
7728      11.178         1.7528023277        0.001446428571 
7729      11.255         1.78100393037       0.001456203907 
7730      11.171         1.76231637341       0.001445148771 
7731      11.283         1.76717599576       0.001459448971 
7732      11.375         1.56792059748       0.001471158820 
7733      11.212         1.74041834051       0.001449890081 
7734      11.28          1.7156922801        0.001458494957 
7735      11.215         1.68367900741       0.001449903038 
7736      11.244         1.65603864689       0.001453464322 
7737      11.23          1.83714452344       0.001451466976 
7738      11.181         1.78668379967       0.001444947014 
7739      11.206         1.72614136153       0.001447990696 
7740      11.278         1.75576649928       0.001457105943 
7741      11.306         1.66083232146       0.001460534814 
7742      11.256         1.67823240345       0.001453887884 
7743      11.284         1.66172921982       0.001457316285 
7744      11.326         1.67741586972       0.001462551652 
7745      11.173         1.753588036         0.001442608134 
7746      11.332         1.6714592427        0.001462948618 
7747      11.362         1.68195005871       0.001466632244 
7748      11.27          1.73352242558       0.001454568921 
7749      11.192         1.78917187548       0.001444315395 
7750      11.261         1.72072048863       0.001453032258 
7751      11.228         1.74299053354       0.001448587279 
7752      11.243         1.72625345764       0.001450335397 
7753      11.201         1.77047987845       0.001444731071 
7754      11.287         1.73454057318       0.001455635800 
7755      11.257         1.69202570902       0.001451579626 
7756      11.19          1.74925698512       0.001442753996 
7757      11.211         1.66086694229       0.001445275235 
7758      11.196         1.67439063543       0.001443155452 
7759      11.252         1.76649257004       0.001450186879 
7760      11.232         1.70357741239       0.001447422680 
7761      11.258         1.71797438863       0.001450586264 
7762      11.36          1.58694675399       0.001463540324 
7763      11.231         1.7486105913        0.001446734509 
7764      11.186         1.71912884916       0.001440752189 
7765      11.27          1.73063572135       0.001451384417 
7766      11.286         1.67994166565       0.001453257790 
7767      11.198         1.76714345767       0.001441740697 
7768      11.202         1.73412686964       0.001442070030 
7769      11.153         1.72556976098       0.001435577294 
7770      11.416         1.63430229762       0.001469240669 
7771      11.222         1.69962231099       0.001444086990 
7772      11.156         1.78372195143       0.001435409161 
7773      11.25          1.748570845         0.001447317637 
7774      11.24          1.65541535573       0.001445845124 
7775      11.299         1.70282089487       0.001453247588 
7776      11.161         1.76892029216       0.001435313786 
7777      11.204         1.73331589735       0.001440658351 
7778      11.257         1.72190330739       0.001447287220 
7779      11.252         1.65363115597       0.001446458413 
7780      11.198         1.69670150586       0.001439331619 
7781      11.234         1.73356395902       0.001443773293 
7782      11.222         1.63300826697       0.001442045746 
7783      11.345         1.60560736172       0.001457664139 
7784      11.262         1.66173283051       0.001446813977 
7785      11.328         1.64146763599       0.001455105973 
7786      11.217         1.85200188985       0.001440662727 
7787      11.208         1.70491524716       0.001439321946 
7788      11.245         1.68195570691       0.001443888032 
7789      11.348         1.66520148931       0.001456926434 
7790      11.274         1.70907109273       0.001447240051 
7791      11.161         1.76892029216       0.001432550378 
7792      11.226         1.74210332644       0.001440708418 
7793      11.32          1.6154256405        0.001452585653 
7794      11.349         1.56626913396       0.001456120092 
7795      11.241         1.75411487651       0.001442078255 
7796      11.272         1.76692274874       0.001445869676 
7797      11.189         1.70272693054       0.001435039117 
7798      11.338         1.7250379706        0.001453962554 
7799      11.241         1.69555861002       0.001441338633 
7800      11.241         1.67478924047       0.001441153846 
7801      11.235         1.76118568016       0.001440199974 
7802      11.3           1.64134091523       0.001448346577 
7803      11.242         1.74626343946       0.001440727925 
7804      11.306         1.71299854057       0.001448744233 
7805      11.225         1.68712032766       0.001438180653 
7806      11.339         1.68643974099       0.001452600563 
7807      11.307         1.78626733721       0.001448315614 
7808      11.295         1.63155600578       0.001446593237 
7809      11.357         1.60672057309       0.001454347547 
7810      11.268         1.64382967488       0.001442765685 
7811      11.305         1.76577886498       0.001447317885 
7812      11.263         1.71925303548       0.001441756272 
7813      11.123         1.74466930964       0.001423652886 
7814      11.255         1.65347361636       0.001440363450 
7815      11.305         1.65468274905       0.001446577095 
7816      11.265         1.72475360559       0.001441274309 
7817      11.305         1.68225295363       0.001446206984 
7818      11.19          1.70349640446       0.001431312356 
7819      11.249         1.7334932939        0.001438675022 
7820      11.245         1.77058606117       0.001437979539 
7821      11.224         1.80937116148       0.001435110599 
7822      11.208         1.69727310707       0.001432881615 
7823      11.182         1.73403460173       0.001429374920 
7824      11.308         1.71205607385       0.001445296523 
7825      11.341         1.60894965739       0.001449329073 
7826      11.233         1.70666663411       0.001435343726 
7827      11.293         1.66347557842       0.001442826114 
7828      11.318         1.6428256146        0.001445835462 
7829      11.35          1.74628176421       0.001449738153 
7830      11.37          1.68792772357       0.001452107279 
7831      11.322         1.64448046507       0.001445792363 
7832      11.24          1.73043347171       0.001435137895 
7833      11.281         1.75557369541       0.001440188944 
7834      11.392         1.55059214496       0.001454174112 
7835      11.32          1.7554486606        0.001444798978 
7836      11.3           1.70411267233       0.001442062276 
7837      11.266         1.7341407094        0.001437539874 
7838      11.228         1.69706098889       0.001432508292 
7839      11.342         1.72598841248       0.001446868222 
7840      11.272         1.77313733253       0.001437755102 
7841      11.282         1.7176949671        0.001438847085 
7842      11.32          1.70516861336       0.001443509308 
7843      11.269         1.68956769619       0.001436822644 
7844      11.346         1.54087118216       0.001446455889 
7845      11.238         1.74394839373       0.001432504780 
7846      11.283         1.69378599593       0.001438057608 
7847      11.315         1.67862294754       0.001441952338 
7848      11.238         1.65025937355       0.001431957186 
7849      11.316         1.65835581224       0.001441712320 
7850      11.257         1.75526379784       0.001434012738 
7851      11.27          1.75131379256       0.001435485925 
7852      11.274         1.72305658642       0.001435812531 
7853      11.179         1.85336423835       0.001423532407 
7854      11.27          1.73467576221       0.001434937611 
7855      11.361         1.64337427265       0.001446339910 
7856      11.32          1.66721324371       0.001440936863 
7857      11.262         1.66773978786       0.001433371515 
7858      11.438         1.56976303944       0.001455586663 
7859      11.298         1.68854848909       0.001437587479 
7860      11.226         1.67896515747       0.001428244274 
7861      11.428         1.59148232789       0.001453759063 
7862      11.369         1.67177719807       0.001446069702 
7863      11.228         1.71639622465       0.001427953707 
7864      11.321         1.68521779008       0.001439598168 
7865      11.339         1.64075561861       0.001441703750 
7866      11.291         1.74594358443       0.001435418255 
7867      11.274         1.73289468809       0.001433074869 
7868      11.343         1.66953616313       0.001441662430 
7869      11.257         1.65678936501       0.001430550260 
7870      11.207         1.70708845699       0.001424015247 
7871      11.36          1.76306551211       0.001443272773 
7872      11.266         1.79812235401       0.001431148373 
7873      11.239         1.76348490212       0.001427537152 
7874      11.247         1.72452631177       0.001428371856 
7875      11.317         1.63661571543       0.001437079365 
7876      11.185         1.76090175762       0.001420137125 
7877      11.11          1.83409378168       0.001410435444 
7878      11.216         1.73243874351       0.001423711601 
7879      11.278         1.75519685506       0.001431399923 
7880      11.337         1.6460349328        0.001438705583 
7881      11.328         1.66325464076       0.001437381043 
7882      11.354         1.61204342373       0.001440497335 
7883      11.31          1.68934898704       0.001434732969 
7884      11.284         1.72607763441       0.001431253170 
7885      11.258         1.66296001155       0.001427774254 
7886      11.259         1.71753282356       0.001427720010 
7887      11.21          1.68638666978       0.001421326233 
7888      11.218         1.70718364566       0.001422160243 
7889      11.316         1.60066985978       0.001434402332 
7890      11.193         1.7174839155        0.001418631178 
7891      11.257         1.68966002498       0.001426561905 
7892      11.381         1.60991894206       0.001442093258 
7893      11.254         1.64847929923       0.001425820347 
7894      11.269         1.71132667834       0.001427539903 
7895      11.227         1.76393622334       0.001422039265 
7896      11.315         1.75492877348       0.001433004052 
7897      11.334         1.66085640559       0.001435228567 
7898      11.241         1.74496962724       0.001423271714 
7899      11.227         1.74283418603       0.001421319154 
7900      11.334         1.6930575891        0.001434683544 
7901      11.374         1.75730589255       0.001439564612 
7902      11.281         1.65228296608       0.001427613262 
7903      11.285         1.75150649442       0.001427938757 
7904      11.307         1.66515795047       0.001430541497 
7905      11.214         1.69239593476       0.001418595825 
7906      11.259         1.66850801616       0.001424108272 
7907      11.23          1.74502148984       0.001420260528 
7908      11.349         1.70739538479       0.001435128983 
7909      11.282         1.73276541978       0.001426476166 
7910      11.259         1.73548811578       0.001423388116 
7911      11.213         1.80100832869       0.001417393502 
7912      11.299         1.78930126027       0.001428083923 
7913      11.409         1.64369066433       0.001441804625 
7914      11.325         1.70334230265       0.001431008339 
7915      11.353         1.57301970744       0.001434365129 
7916      11.267         1.71455854377       0.001423319858 
7917      11.308         1.6652735511        0.001428318807 
7918      11.265         1.71370213281       0.001422707754 
7919      11.254         1.80540410989       0.001421139032 
7920      11.311         1.63042295126       0.001428156565 
7921      11.208         1.85922994812       0.001414972856 
7922      11.38          1.66721324371       0.001436505932 
7923      11.191         1.78284014987       0.001412470023 
7924      11.221         1.73151927509       0.001416077738 
7925      11.256         1.68892391777       0.001420315457 
7926      11.265         1.7288073924        0.001421271763 
7927      11.374         1.53757081138       0.001434842941 
7928      11.368         1.74200344431       0.001433905146 
7929      11.262         1.74107897581       0.001420355656 
7930      11.333         1.62730175444       0.001429129886 
7931      11.323         1.66453326792       0.001427688816 
7932      11.273         1.69010975975       0.001421205244 
7933      11.325         1.63198498768       0.001427580990 
7934      11.413         1.64937291114       0.001438492563 
7935      11.254         1.74226404428       0.001418273471 
7936      11.256         1.7625163829        0.001418346774 
7937      11.355         1.66402373781       0.001430641300 
7938      11.303         1.59034304475       0.001423910304 
7939      11.38          1.63878003405       0.001433429903 
7940      11.327         1.66615455466       0.001426574307 
7941      11.267         1.73196737845       0.001418838937 
7942      11.336         1.62699231713       0.001427348274 
7943      11.35          1.65030300248       0.001428931134 
7944      11.301         1.75054248734       0.001422583081 
7945      11.252         1.68893339123       0.001416236626 
7946      11.243         1.72799045136       0.001414925748 
7947      11.322         1.70947828299       0.001424688561 
7948      11.345         1.69291907662       0.001427403120 
7949      11.245         1.70263765963       0.001414643351 
7950      11.288         1.65380047164       0.001419874213 
7951      11.364         1.61725199026       0.001429254181 
7952      11.379         1.7255025355        0.001430960764 
7953      11.29          1.70290927533       0.001419590091 
7954      11.367         1.68828640935       0.001429092280 
7955      11.351         1.60555255286       0.001426901319 
7956      11.317         1.6493971626        0.001422448466 
7957      11.24          1.82931681236       0.001412592685 
7958      11.311         1.66201052945       0.001421337019 
7959      11.269         1.74660785524       0.001415881392 
7960      11.364         1.702205628         0.001427638190 
7961      11.319         1.72662647958       0.001421806305 
7962      11.346         1.72692906629       0.001425018839 
7963      11.329         1.69374112544       0.001422705010 
7964      11.285         1.72909658493       0.001417001506 
7965      11.273         1.65422821884       0.001415317011 
7966      11.304         1.73596774164       0.001419030881 
7967      11.274         1.76321411065       0.001415087234 
7968      11.259         1.6952636963        0.001413027108 
7969      11.245         1.71667556632       0.001411092985 
7970      11.352         1.81055129726       0.001424341279 
7971      11.358         1.70465128399       0.001424915318 
7972      11.267         1.70695957773       0.001413321625 
7973      11.255         1.74984999357       0.001411639282 
7974      11.39          1.65526432934       0.001428392274 
7975      11.263         1.73257929111       0.001412288401 
7976      11.298         1.7496273889        0.001416499498 
7977      11.305         1.73204359068       0.001417199448 
7978      11.301         1.73735402264       0.001416520431 
7979      11.39          1.63091998577       0.001427497180 
7980      11.333         1.76128106786       0.001420175438 
7981      11.356         1.62026664472       0.001422879338 
7982      11.171         1.74463721157       0.001399523928 
7983      11.292         1.69845105905       0.001414505824 
7984      11.319         1.68974524707       0.001417710420 
7985      11.316         1.70532812092       0.001417157169 
7986      11.23          1.75644527384       0.001406210869 
7987      11.358         1.56774870435       0.001422060848 
7988      11.259         1.78211082708       0.001409489233 
7989      11.412         1.57932137325       0.001428464138 
7990      11.32          1.69339894886       0.001416770963 
7991      11.257         1.69969144259       0.001408709798 
7992      11.34          1.68653490921       0.001418918918 
7993      11.346         1.8011896069        0.001419492055 
7994      11.288         1.71203270997       0.001412059044 
7995      11.235         1.80160345248       0.001405253283 
7996      11.306         1.77605292714       0.001413956978 
7997      11.27          1.74559445462       0.001409278479 
7998      11.251         1.77651315785       0.001406726681 
7999      11.248         1.79791434724       0.001406175771 
8000      11.29          1.76292370794       0.001411249999 
8001      11.311         1.73616790663       0.001413698287 
8002      11.248         1.82770238277       0.001405648587 
8003      11.228         1.70763462134       0.001402973884 
8004      11.407         1.64114319911       0.001425162418 
8005      11.356         1.69919510357       0.001418613366 
8006      11.223         1.59288135151       0.001401823632 
8007      11.272         1.67212918161       0.001407768202 
8008      11.321         1.65225875697       0.001413711288 
8009      11.313         1.6513724595        0.001412535897 
8010      11.337         1.67852047947       0.001415355805 
8011      11.338         1.66305622274       0.001415303957 
8012      11.331         1.60107432682       0.001414253619 
8013      11.248         1.75684262243       0.001403718956 
8014      11.277         1.76472972435       0.001407162465 
8015      11.267         1.77474251654       0.001405739238 
8016      11.321         1.70820344222       0.001412300399 
8017      11.374         1.7152620791        0.001418735187 
8018      11.25          1.70161687815       0.001403093040 
8019      11.363         1.75591315275       0.001417009602 
8020      11.369         1.72128992328       0.001417581047 
8021      11.326         1.72212775368       0.001412043386 
8022      11.331         1.65452077654       0.001412490650 
8023      11.289         1.71098772643       0.001407079646 
8024      11.33          1.72194657292       0.001412013958 
8025      11.29          1.78378810401       0.001406853582 
8026      11.33          1.685556288         0.001411662098 
8027      11.338         1.6952156205        0.001412482870 
8028      11.329         1.72184755423       0.001411185849 
8029      11.26          1.75510683436       0.001402416241 
8030      11.345         1.72336154071       0.001412826899 
8031      11.365         1.66726572567       0.001415141327 
8032      11.238         1.65328642407       0.001399153386 
8033      11.307         1.71893891689       0.001407568778 
8034      11.191         1.79625137439       0.001392954941 
8035      11.291         1.7465162467        0.001405227131 
8036      11.15          1.88029253043       0.001387506222 
8037      11.328         1.71534719518       0.001409481149 
8038      11.298         1.78078522006       0.001405573525 
8039      11.343         1.65449418252       0.001410996392 
8040      11.379         1.71911576108       0.001415298507 
8041      11.366         1.71582166906       0.001413505782 
8042      11.394         1.67115648579       0.001416811738 
8043      11.267         1.692250277         0.001400845455 
8044      11.265         1.80631531024       0.001400422675 
8045      11.396         1.63926324915       0.001416532007 
8046      11.326         1.63759702003       0.001407655978 
8047      11.336         1.66706448586       0.001408723747 
8048      11.349         1.75362453222       0.001410164015 
8049      11.328         1.67940942          0.001407379798 
8050      11.409         1.59803598207       0.001417267080 
8051      11.353         1.61505139237       0.001410135386 
8052      11.289         1.7915018839        0.001402011922 
8053      11.289         1.70571949628       0.001401837824 
8054      11.272         1.73090034375       0.001399553017 
8055      11.355         1.6730137477        0.001409683426 
8056      11.289         1.7295892576        0.001401315789 
8057      11.341         1.72531707231       0.001407595879 
8058      11.426         1.63049808341       0.001417969719 
8059      11.255         1.71113266581       0.001396575257 
8060      11.326         1.58484194796       0.001405210918 
8061      11.324         1.70617232424       0.001404788487 
8062      11.31          1.83518391449       0.001402877697 
8063      11.339         1.73495792456       0.001406300384 
8064      11.29          1.68460677904       0.001400049603 
8065      11.206         1.81757090646       0.001389460632 
8066      11.284         1.70098324507       0.001398958591 
8067      11.178         1.74823225002       0.001385645221 
8068      11.199         1.77803233941       0.001388076351 
8069      11.311         1.74191819555       0.001401784607 
8070      11.261         1.75865829541       0.001395415117 
8071      11.426         1.60016374162       0.001415685788 
8072      11.351         1.66367033994       0.001406219028 
8073      11.307         1.71252766401       0.001400594574 
8074      11.333         1.66976375575       0.001403641317 
8075      11.293         1.87647302139       0.001398513931 
8076      11.269         1.78119033233       0.001395368994 
8077      11.331         1.76845667179       0.001402872353 
8078      11.31          1.78546912603       0.001400099034 
8079      11.321         1.68105889248       0.001401287288 
8080      11.317         1.62250146379       0.001400618811 
8081      11.299         1.65577746089       0.001398218042 
8082      11.342         1.74614890545       0.001403365503 
8083      11.334         1.66446507924       0.001402202152 
8084      11.309         1.71450255176       0.001398936170 
8085      11.374         1.6822972389        0.001406802721 
8086      11.209         1.84372422016       0.001386223101 
8087      11.34          1.69068033643       0.001402250525 
8088      11.305         1.79219837072       0.001397749752 
8089      11.376         1.73799424625       0.001406354308 
8090      11.274         1.68372325517       0.001393572311 
8091      11.295         1.70175644556       0.001395995550 
8092      11.307         1.72764319233       0.001397305981 
8093      11.297         1.70610404138       0.001395897689 
8094      11.264         1.73617510638       0.001391648134 
8095      11.311         1.71472417607       0.001397282273 
8096      11.373         1.65465132279       0.001404767786 
8097      11.362         1.68254450164       0.001403235766 
8098      11.363         1.6873739953        0.001403185971 
8099      11.279         1.75361312723       0.001392641066 
8100      11.281         1.75728170764       0.001392716049 
8101      11.289         1.66357416426       0.001393531662 
8102      11.341         1.63545681692       0.001399777832 
8103      11.352         1.62298983361       0.001400962606 
8104      11.281         1.81494875961       0.001392028627 
8105      11.399         1.61857931533       0.001406415792 
8106      11.256         1.75797155836       0.001388601036 
8107      11.356         1.70975553808       0.001400764771 
8108      11.275         1.75823064471       0.001390601874 
8109      11.307         1.71893891689       0.001394376618 
8110      11.313         1.6489484528        0.001394944512 
8111      11.314         1.7599443173        0.001394895820 
8112      11.313         1.66464140283       0.001394600591 
8113      11.275         1.69510324169       0.001389744853 
8114      11.267         1.62163836906       0.001388587626 
8115      11.299         1.75259778614       0.001392359827 
8116      11.222         1.76088500476       0.001382700837 
8117      11.332         1.66486515971       0.001396082296 
8118      11.375         1.62922527601       0.001401207193 
8119      11.352         1.64441357328       0.001398201748 
8120      11.33          1.64836282414       0.001395320197 
8121      11.331         1.72378623965       0.001395271518 
8122      11.376         1.70605509876       0.001400640236 
8123      11.336         1.66466332933       0.001395543518 
8124      11.176         1.7739853438        0.001375677006 
8125      11.245         1.73463973205       0.001384000000 
8126      11.415         1.63425059278       0.001404750184 
8127      11.326         1.67741586972       0.001393626184 
8128      11.326         1.64976483173       0.001393454724 
8129      11.251         1.78437636165       0.001384057079 
8130      11.258         1.6405596606        0.001384747847 
8131      11.27          1.79529941792       0.001386053375 
8132      11.233         1.77276930253       0.001381333005 
8133      11.434         1.61976664986       0.001405877290 
8134      11.369         1.76262276168       0.001397713302 
8135      11.246         1.76959995479       0.001382421634 
8136      11.217         1.75268679461       0.001378687315 
8137      11.367         1.65054869665       0.001396952193 
8138      11.288         1.71669915827       0.001387072990 
8139      11.346         1.75450391849       0.001394028750 
8140      11.309         1.6472762367        0.001389312039 
8141      11.388         1.6868479481        0.001398845350 
8142      11.326         1.78429930225       0.001391058707 
8143      11.359         1.72861765582       0.001394940439 
8144      11.306         1.66323900868       0.001388261296 
8145      11.296         1.86396995684       0.001386863106 
8146      11.326         1.77305499069       0.001390375644 
8147      11.323         1.65065774769       0.001389836749 
8148      11.293         1.76611183111       0.001385984290 
8149      11.442         1.67231456371       0.001404098662 
8150      11.425         1.62184308735       0.001401840490 
8151      11.332         1.71457749898       0.001390258863 
8152      11.425         1.63351614623       0.001401496565 
8153      11.3           1.69528758622       0.001385992886 
8154      11.175         1.91477805502       0.001370493009 
8155      11.33          1.6628589838        0.001389331698 
8156      11.296         1.71533786759       0.001384992643 
8157      11.286         1.74017355456       0.001383596910 
8158      11.256         1.71302772891       0.001379749938 
8159      11.434         1.66181948478       0.001401397230 
8160      11.426         1.64940110343       0.001400245098 
8161      11.257         1.75241290796       0.001379365273 
8162      11.304         1.72730541596       0.001384954667 
8163      11.36          1.67940465642       0.001391645228 
8164      11.253         1.78353329097       0.001378368446 
8165      11.297         1.65311554345       0.001383588487 
8166      11.298         1.78862964305       0.001383541513 
8167      11.276         1.77139041434       0.001380678339 
8168      11.409         1.64064590939       0.001396792360 
8169      11.399         1.70639942569       0.001395397233 
8170      11.365         1.75093546426       0.001391064871 
8171      11.269         1.73972382866       0.001379145759 
8172      11.329         1.73342406814       0.001386319138 
8173      11.303         1.72255362761       0.001382968310 
8174      11.369         1.66338179622       0.001390873501 
8175      11.31          1.65767910043       0.001383486238 
8176      11.304         1.75829007846       0.001382583170 
8177      11.317         1.77553118812       0.001384003913 
8178      11.312         1.68483114881       0.001383223281 
8179      11.35          1.75655913649       0.001387700207 
8180      11.342         1.81081086809       0.001386552567 
8181      11.247         1.74413044237       0.001374770810 
8182      11.325         1.73648351561       0.001384135908 
8183      11.354         1.79685391727       0.001387510692 
8184      11.39          1.67448499545       0.001391739980 
8185      11.357         1.66659863194       0.001387538179 
8186      11.315         1.59992968595       0.001382237967 
8187      11.316         1.75332370086       0.001382191278 
8188      11.281         1.74643608529       0.001377747923 
8189      11.374         1.68941528346       0.001388936378 
8190      11.389         1.68809922694       0.001390598290 
8191      11.338         1.7169030258        0.001384202173 
8192      11.348         1.68074269298       0.001385253906 
8193      11.376         1.65487884753       0.001388502380 
8194      11.367         1.72577837511       0.001387234561 
8195      11.327         1.72106682032       0.001382184258 
8196      11.311         1.71880161741       0.001380063445 
8197      11.32          1.7028211885        0.001380993046 
8198      11.38          1.646693657         0.001388143449 
8199      11.409         1.60677285265       0.001391511159 
8200      11.36          1.62123409784       0.001385365853 
8201      11.424         1.6199456781        0.001393000853 
8202      11.366         1.71873325446       0.001385759570 
8203      11.342         1.74958166428       0.001382664878 
8204      11.399         1.70698535436       0.001389444173 
8205      11.397         1.59855903863       0.001389031078 
8206      11.297         1.76940413699       0.001376675603 
8207      11.332         1.72330380374       0.001380772511 
8208      11.379         1.76730274713       0.001386330409 
8209      11.303         1.74045712386       0.001376903398 
8210      11.353         1.70422739093       0.001382825822 
8211      11.202         1.75248281019       0.001364267446 
8212      11.42          1.66421152502       0.001390647832 
8213      11.291         1.72346134276       0.001374771703 
8214      11.478         1.69219266043       0.001397370343 
8215      11.406         1.72428651911       0.001388435788 
8216      11.423         1.67811531189       0.001390335929 
8217      11.405         1.59655097006       0.001387976147 
8218      11.297         1.76204171347       0.001374665368 
8219      11.372         1.66661813263       0.001383623311 
8220      11.383         1.77941310549       0.001384793187 
8221      11.302         1.66396995165       0.001374771925 
8222      11.215         1.77278735329       0.001364023351 
8223      11.297         1.76770783785       0.001373829502 
8224      11.344         1.72964273768       0.001379377431 
8225      11.355         1.67062114197       0.001380547112 
8226      11.343         1.7399284468        0.001378920495 
8227      11.287         1.78287156015       0.001371946031 
8228      11.366         1.72685957738       0.001381380651 
8229      11.389         1.70284438514       0.001384007777 
8230      11.274         1.73231752286       0.001369866342 
8231      11.261         1.83599537036       0.001368120519 
8232      11.311         1.71122149355       0.001374028182 
8233      11.376         1.68778671638       0.001381756346 
8234      11.353         1.64693381774       0.001378795239 
8235      11.343         1.69980910693       0.001377413479 
8236      11.348         1.67119597893       0.001377853326 
8237      11.381         1.64190103234       0.001381692363 
8238      11.352         1.71991162564       0.001378004369 
8239      11.382         1.73668534859       0.001381478334 
8240      11.369         1.67893984407       0.001379733009 
8241      11.34          1.68237926759       0.001376046596 
8242      11.326         1.69402597383       0.001374181024 
8243      11.425         1.61875723937       0.001386024505 
8244      11.4           1.67511193656       0.001382823871 
8245      11.268         1.68468869528       0.001366646452 
8246      11.332         1.72388398682       0.001374242056 
8247      11.445         1.68255014784       0.001387777373 
8248      11.389         1.63391523648       0.001380819592 
8249      11.335         1.64887082575       0.001374105952 
8250      11.354         1.69725778832       0.001376242424 
8251      11.391         1.74129807902       0.001380559932 
8252      11.323         1.74547156952       0.001372152205 
8253      11.401         1.71528394151       0.001381437053 
8254      11.363         1.77742257215       0.001376665858 
8255      11.3           1.72626765016       0.001368867353 
8256      11.358         1.71342814264       0.001375726744 
8257      11.369         1.59838637382       0.001376892333 
8258      11.363         1.63377813671       0.001375999031 
8259      11.295         1.74355240816       0.001367598982 
8260      11.361         1.64641398196       0.001375423728 
8261      11.333         1.6685655516        0.001371867812 
8262      11.38          1.68748333325       0.001377390462 
8263      11.315         1.69816813066       0.001369357376 
8264      11.288         1.76608493567       0.001365924491 
8265      11.435         1.67862294754       0.001383545069 
8266      11.416         1.64831550378       0.001381079119 
8267      11.42          1.69929397104       0.001381395911 
8268      11.355         1.74383915543       0.001373367198 
8269      11.383         1.65236527439       0.001376587253 
8270      11.445         1.65377598241       0.001383917775 
8271      11.402         1.65963730978       0.001378551565 
8272      11.387         1.68262622112       0.001376571566 
8273      11.338         1.79826471911       0.001370482291 
8274      11.355         1.69321439871       0.001372371283 
8275      11.347         1.7165637186        0.001371238670 
8276      11.396         1.65444371316       0.001376993716 
8277      11.315         1.69757915868       0.001367041198 
8278      11.253         1.79192382651       0.001359386325 
8279      11.38          1.67916645988       0.001374562145 
8280      11.256         1.83479263133       0.001359420289 
8281      11.343         1.68740955313       0.001369762106 
8282      11.355         1.75241975565       0.001371045641 
8283      11.365         1.75207733848       0.001372087407 
8284      11.424         1.67338698453       0.001379043940 
8285      11.306         1.71708007967       0.001364634882 
8286      11.33          1.71845861166       0.001367366642 
8287      11.349         1.73758424256       0.001369494388 
8288      11.347         1.66330724762       0.001369087837 
8289      11.328         1.71301371857       0.001366630474 
8290      11.465         1.71545183552       0.001382991556 
8291      11.443         1.63668903583       0.001380171270 
8292      11.447         1.69799617196       0.001380487216 
8293      11.365         1.59805350348       0.001370432895 
8294      11.322         1.84886884337       0.001365083192 
8295      11.378         1.70795667392       0.001371669680 
8296      11.351         1.7273676505        0.001368249758 
8297      11.289         1.78982652791       0.001360612269 
8298      11.328         1.68594661837       0.001365148228 
8299      11.294         1.7582843911        0.001360886853 
8300      11.342         1.7807402955        0.001366506024 
8301      11.343         1.66052732588       0.001366461872 
8302      11.46          1.65963851486       0.001380390267 
8303      11.444         1.71314447727       0.001378297001 
8304      11.376         1.73626726053       0.001369942196 
8305      11.478         1.6539395394        0.001382059000 
8306      11.339         1.6637544891        0.001365157717 
8307      11.318         1.7259420616        0.001362465390 
8308      11.338         1.71282106479       0.001364708714 
8309      11.364         1.74226978393       0.001367673606 
8310      11.329         1.76316732048       0.001363297232 
8311      11.422         1.71228385497       0.001374323186 
8312      11.432         1.5985543469        0.001375360923 
8313      11.337         1.6856544723        0.001363767592 
8314      11.305         1.82043264089       0.001359754630 
8315      11.41          1.64252853856       0.001372218881 
8316      11.324         1.65318601494       0.001361712361 
8317      11.368         1.69722597199       0.001366839004 
8318      11.368         1.61448939297       0.001366674681 
8319      11.374         1.63710842646       0.001367231638 
8320      11.339         1.70589536608       0.001362860576 
8321      11.34          1.80288657436       0.001362816969 
8322      11.416         1.69497610603       0.001371785628 
8323      11.366         1.69530056332       0.001365613360 
8324      11.378         1.71904508376       0.001366890917 
8325      11.39          1.67567896687       0.001368168168 
8326      11.338         1.73140289939       0.001361758347 
8327      11.344         1.70460083304       0.001362315359 
8328      11.356         1.63195097966       0.001363592699 
8329      11.325         1.77352051017       0.001359707047 
8330      11.46          1.64572172617       0.001375750300 
8331      11.378         1.74158433617       0.001365742407 
8332      11.359         1.71000555555       0.001363298127 
8333      11.326         1.61546402003       0.001359174366 
8334      11.274         1.82014395035       0.001352771778 
8335      11.354         1.60956018837       0.001362207558 
8336      11.324         1.74786269484       0.001358445297 
8337      11.374         1.7205010898        0.001364279716 
8338      11.289         1.72727502153       0.001353921803 
8339      11.327         1.63342309277       0.001358316344 
8340      11.326         1.59928859184       0.001358033573 
8341      11.367         1.68472876155       0.001362786236 
8342      11.273         1.82276465842       0.001351354591 
8343      11.287         1.7483223387        0.001352870670 
8344      11.257         1.81409784742       0.001349113135 
8345      11.356         1.67369770269       0.001360814859 
8346      11.508         1.62724798356       0.001378864126 
8347      11.406         1.69208865016       0.001366478974 
8348      11.313         1.67123636868       0.001355174892 
8349      11.35          1.7156631371        0.001359444244 
8350      11.35          1.70572565203       0.001359281437 
8351      11.394         1.74607101803       0.001364387498 
8352      11.281         1.71290367505       0.001350694444 
8353      11.361         1.70607121774       0.001360110140 
8354      11.299         1.75316827487       0.001352525736 
8355      11.302         1.69316153984       0.001352722920 
8356      11.315         1.81156700125       0.001354116802 
8357      11.352         1.69236402703       0.001358382194 
8358      11.349         1.71790541067       0.001357860732 
8359      11.324         1.7248257883        0.001354707500 
8360      11.403         1.7425817054        0.001363995215 
8361      11.326         1.66785011317       0.001354622652 
8362      11.304         1.80819910408       0.001351829705 
8363      11.339         1.75444549645       0.001355853162 
8364      11.42          1.68807582768       0.001365375418 
8365      11.382         1.66134764574       0.001360669456 
8366      11.475         1.62707559751       0.001371623236 
8367      11.407         1.73244076378       0.001363332138 
8368      11.274         1.77902332756       0.001347275334 
8369      11.387         1.61902161814       0.001360616561 
8370      11.364         1.76507903506       0.001357706093 
8371      11.365         1.68575650674       0.001357663361 
8372      11.469         1.64348379974       0.001369923554 
8373      11.324         1.80749107882       0.001352442374 
8374      11.369         1.6819152773        0.001357654645 
8375      11.384         1.69367765528       0.001359283582 
8376      11.419         1.64907216337       0.001363299904 
8377      11.35          1.79039101874       0.001354900322 
8378      11.332         1.72620276909       0.001352590116 
8379      11.284         1.67670629509       0.001346700083 
8380      11.4           1.66252819525       0.001360381861 
8381      11.366         1.63891549508       0.001356162749 
8382      11.321         1.72161522995       0.001350632307 
8383      11.313         1.74385521188       0.001349516879 
8384      11.432         1.72666615187       0.001363549618 
8385      11.374         1.74760521858       0.001356469886 
8386      11.392         1.72172471667       0.001358454567 
8387      11.342         1.74098707634       0.001352330988 
8388      11.377         1.80523433382       0.001356342393 
8389      11.311         1.76359831027       0.001348313267 
8390      11.389         1.67680619035       0.001357449344 
8391      11.317         1.70895026259       0.001348706947 
8392      11.27          1.81744325909       0.001342945662 
8393      11.221         1.86659020677       0.001336947456 
8394      11.385         1.75007856966       0.001356325947 
8395      11.327         1.69058303552       0.001349255509 
8396      11.35          1.68982247588       0.001351834206 
8397      11.404         1.60336645842       0.001358104084 
8398      11.385         1.74779146353       0.001355679923 
8399      11.357         1.75941780143       0.001352184783 
8400      11.268         1.78162173314       0.001341428571 
8401      11.295         1.80443204361       0.001344482799 
8402      11.284         1.73992643523       0.001343013568 
8403      11.354         1.64944960517       0.001351184100 
8404      11.346         1.7510808091        0.001350071394 
8405      11.461         1.6548350371        0.001363593099 
8406      11.357         1.69397491127       0.001351058767 
8407      11.285         1.82914597559       0.001342333769 
8408      11.34          1.74711190254       0.001348715509 
8409      11.418         1.63379190841       0.001357830895 
8410      11.389         1.75090805013       0.001354221165 
8411      11.365         1.71632601798       0.001351206753 
8412      11.261         1.80689761746       0.001338682834 
8413      11.48          1.62037032804       0.001364554855 
8414      11.324         1.69027335067       0.001345852151 
8415      11.326         1.72038484067       0.001345929887 
8416      11.392         1.72172471667       0.001353612167 
8417      11.412         1.68174195405       0.001355827491 
8418      11.291         1.73214289249       0.001341292468 
8419      11.367         1.6752047636        0.001350160351 
8420      11.375         1.62060945326       0.001350950118 
8421      11.432         1.64783979804       0.001357558484 
8422      11.381         1.65524590318       0.001351341724 
8423      11.389         1.58671957195       0.001352131069 
8424      11.334         1.73102397442       0.001345441595 
8425      11.423         1.65289775848       0.001355845697 
8426      11.254         1.74742210127       0.001335627818 
8427      11.447         1.6634876014        0.001358371899 
8428      11.412         1.6377594451        0.001354057902 
8429      11.392         1.83584748822       0.001351524498 
8430      11.431         1.78920065951       0.001355990510 
8431      11.371         1.74566863981       0.001348713082 
8432      11.444         1.61705411165       0.001357210626 
8433      11.327         1.73725962366       0.001343175619 
8434      11.353         1.76249567375       0.001346099122 
8435      11.337         1.70921941248       0.001344042679 
8436      11.405         1.7085008048        0.001351944049 
8437      11.376         1.63114193129       0.001348346568 
8438      11.297         1.73746683422       0.001338824365 
8439      11.306         1.70715084278       0.001339732195 
8440      11.406         1.71323203332       0.001351421800 
8441      11.289         1.80207630249       0.001337400781 
8442      11.29          1.82315660326       0.001337360814 
8443      11.405         1.73579232629       0.001350823167 
8444      11.526         1.55541762881       0.001364992894 
8445      11.354         1.69253773961       0.001344464179 
8446      11.45          1.69749815906       0.001355671323 
8447      11.472         1.72604055572       0.001358115307 
8448      11.288         1.72773146062       0.001336174242 
8449      11.392         1.71532387612       0.001348325245 
8450      11.419         1.66416315306       0.001351360946 
8451      11.427         1.68957716604       0.001352147674 
8452      11.269         1.73454287926       0.001333293894 
8453      11.403         1.67170302387       0.001348988524 
8454      11.361         1.72124344588       0.001343860894 
8455      11.292         1.72416240534       0.001335541099 
8456      11.538         1.72120771553       0.001364474929 
8457      11.356         1.69566034335       0.001342792952 
8458      11.288         1.75700199203       0.001334594466 
8459      11.3           1.62172747402       0.001335855302 
8460      11.38          1.6803571049        0.001345153664 
8461      11.528         1.65445338405       0.001362486703 
8462      11.419         1.63812056943       0.001349444575 
8463      11.343         1.66653862842       0.001340304856 
8464      11.335         1.6058564693        0.001339201323 
8465      11.388         1.71214952618       0.001345304193 
8466      11.413         1.61877453649       0.001348098275 
8467      11.391         1.81552168811       0.001345340734 
8468      11.404         1.66396634581       0.001346717052 
8469      11.422         1.73260382084       0.001348683433 
8470      11.367         1.7777263569        0.001342030696 
8471      11.367         1.63533207637       0.001341872270 
8472      11.416         1.60466320454       0.001347497639 
8473      11.358         1.73719198709       0.001340493331 
8474      11.313         1.77229540427       0.001335024781 
8475      11.416         1.602792563         0.001347020648 
8476      11.348         1.75239721525       0.001338839075 
8477      11.268         1.78834448583       0.001329243836 
8478      11.461         1.65845681282       0.001351851851 
8479      11.38          1.66240789219       0.001342139403 
8480      11.423         1.63892373221       0.001347051886 
8481      11.357         1.69810217596       0.001339110953 
8482      11.405         1.77227960548       0.001344612119 
8483      11.37          1.65562676953       0.001340327714 
8484      11.421         1.67563689384       0.001346181046 
8485      11.446         1.65501782468       0.001348968768 
8486      11.395         1.74211796386       0.001342799905 
8487      11.425         1.71300175131       0.001346176505 
8488      11.45          1.58729329363       0.001348963242 
8489      11.361         1.73397779686       0.001338320179 
8490      11.396         1.73123770754       0.001342285041 
8491      11.381         1.70054079634       0.001340360381 
8492      11.361         1.75176453897       0.001337847385 
8493      11.457         1.65231685823       0.001348993288 
8494      11.315         1.74119929933       0.001332116788 
8495      11.305         1.79609994154       0.001330782813 
8496      11.326         1.8004788252        0.001333097928 
8497      11.363         1.78975724611       0.001337295516 
8498      11.385         1.72417371515       0.001339726994 
8499      11.38          1.70047052312       0.001338981056 
8500      11.34          1.84780951399       0.001334117647 
8501      11.392         1.67998095227       0.001340077637 
8502      11.366         1.79221762071       0.001336861914 
8503      11.391         1.70590709008       0.001339644831 
8504      11.489         1.61736792351       0.001351011288 
8505      11.414         1.66451314203       0.001342034097 
8506      11.355         1.82345139776       0.001334940042 
8507      11.375         1.72637626258       0.001337134124 
8508      11.423         1.75729081259       0.001342618711 
8509      11.368         1.73163968538       0.001335997179 
8510      11.372         1.7673754553        0.001336310223 
8511      11.368         1.78845631761       0.001335683233 
8512      11.347         1.80847753649       0.001333059210 
8513      11.371         1.72376303476       0.001335721837 
8514      11.394         1.7979888765        0.001338266384 
8515      11.376         1.68363416454       0.001335995302 
8516      11.464         1.66874323969       0.001346171911 
8517      11.345         1.73088850016       0.001332041798 
8518      11.329         1.7363061366        0.001330007043 
8519      11.401         1.62917126172       0.001338302617 
8520      11.369         1.73402393294       0.001334389671 
8521      11.44          1.60199875156       0.001342565426 
8522      11.416         1.72596176087       0.001339591645 
8523      11.37          1.72426796061       0.001334037310 
8524      11.388         1.71156536539       0.001335992491 
8525      11.397         1.622156281         0.001336891495 
8526      11.435         1.65220307469       0.001341191649 
8527      11.425         1.70715406452       0.001339861616 
8528      11.413         1.72175230507       0.001338297373 
8529      11.381         1.70699707088       0.001334388556 
8530      11.409         1.65702112238       0.001337514654 
8531      11.328         1.80621593393       0.001327863087 
8532      11.342         1.70441661574       0.001329348335 
8533      11.439         1.64142590451       0.001340560178 
8534      11.402         1.67999880952       0.001336067494 
8535      11.411         1.76524190977       0.001336965436 
8536      11.3           1.80720779104       0.001323805060 
8537      11.402         1.64328816706       0.001335597985 
8538      11.425         1.64328177742       0.001338135394 
8539      11.372         1.68155166439       0.001331771870 
8540      11.413         1.68417071581       0.001336416861 
8541      11.396         1.65323440564       0.001334269991 
8542      11.487         1.7498088467        0.001344767033 
8543      11.423         1.68465753196       0.001337118108 
8544      11.441         1.68063053644       0.001339068352 
8545      11.466         1.639769496         0.001341837331 
8546      11.397         1.70803717758       0.001333606365 
8547      11.478         1.61849189062       0.001342927342 
8548      11.469         1.71902268746       0.001341717360 
8549      11.406         1.7507609774        0.001334191133 
8550      11.452         1.70049875037       0.001339415204 
8551      11.42          1.67916645988       0.001335516313 
8552      11.445         1.69439517233       0.001338283442 
8553      11.329         1.71369746455       0.001324564480 
8554      11.41          1.70290927533       0.001333878887 
8555      11.534         1.63488348209       0.001348217416 
8556      11.335         1.7288073924        0.001324801309 
8557      11.328         1.76533736153       0.001323828444 
8558      11.401         1.56977673572       0.001332203785 
8559      11.431         1.75363593713       0.001335553218 
8560      11.464         1.60209363022       0.001339252336 
8561      11.311         1.7024332586        0.001321224156 
8562      11.459         1.6044684478        0.001338355524 
8563      11.376         1.80461186963       0.001328506364 
8564      11.4           1.69469761315       0.001331153666 
8565      11.306         1.77210722023       0.001320023350 
8566      11.396         1.79754944299       0.001330375904 
8567      11.381         1.66007198639       0.001328469709 
8568      11.459         1.79061972512       0.001337418300 
8569      11.424         1.66319692159       0.001333177733 
8570      11.365         1.85088492349       0.001326137689 
8571      11.342         1.66824338752       0.001323299498 
8572      11.321         1.77762735127       0.001320695286 
8573      11.403         1.67946152085       0.001330106147 
8574      11.392         1.70303728673       0.001328668066 
8575      11.415         1.66936365122       0.001331195335 
8576      11.411         1.76750643563       0.001330573694 
8577      11.463         1.6978312637        0.001336481287 
8578      11.49          1.62107988699       0.001339473070 
8579      11.516         1.61979751821       0.001342347592 
8580      11.501         1.63095033646       0.001340442890 
8581      11.461         1.60638693969       0.001335625218 
8582      11.426         1.65182444588       0.001331391284 
8583      11.374         1.65412333277       0.001325177676 
8584      11.405         1.72191027641       0.001328634669 
8585      11.374         1.70649465279       0.001324868957 
8586      11.5           1.6691315107        0.001339389704 
8587      11.359         1.72224243357       0.001322813555 
8588      11.447         1.71382350316       0.001332906380 
8589      11.333         1.82814414093       0.001319478402 
8590      11.511         1.70935046143       0.001340046565 
8591      11.378         1.71904508376       0.001324409265 
8592      11.284         1.75138345316       0.001313314711 
8593      11.422         1.67628040614       0.001329221459 
8594      11.301         1.68178446895       0.001314987200 
8595      11.509         1.59872417884       0.001339034322 
8596      11.399         1.7157502732        0.001326081898 
8597      11.397         1.73648812262       0.001325695009 
8598      11.448         1.7021445297        0.001331472435 
8599      11.421         1.64248561638       0.001328177695 
8600      11.344         1.65458877066       0.001319069767 
8601      11.347         1.7287541757        0.001319265201 
8602      11.438         1.6309984672        0.001329690769 
8603      11.381         1.7634735609        0.001322910612 
8604      11.373         1.67745968655       0.001321827057 
8605      11.469         1.68197473227       0.001332829750 
8606      11.413         1.76193955628       0.001326167789 
8607      11.363         1.67488238393       0.001320204484 
8608      11.369         1.70611810846       0.001320748141 
8609      11.458         1.68114127901       0.001330932744 
8610      11.442         1.67768769442       0.001328919860 
8611      11.403         1.71889237592       0.001324236441 
8612      11.528         1.60599377334       0.001338597306 
8613      11.47          1.60346499806       0.001331707883 
8614      11.383         1.76360738261       0.001321453447 
8615      11.484         1.67682557232       0.001333023795 
8616      11.332         1.86595176787       0.001315227483 
8617      11.435         1.71807304851       0.001327027967 
8618      11.398         1.72672985727       0.001322580645 
8619      11.445         1.73406314764       0.001327880264 
8620      11.384         1.69485810616       0.001320649651 
8621      11.392         1.66383172226       0.001321424428 
8622      11.387         1.73816886406       0.001320691254 
8623      11.364         1.75314118085       0.001317870810 
8624      11.394         1.82558593334       0.001321196660 
8625      11.41          1.64921193302       0.001322898550 
8626      11.476         1.72204064993       0.001330396475 
8627      11.51          1.67269244035       0.001334183377 
8628      11.403         1.75345116841       0.001321627260 
8629      11.367         1.72925157221       0.001317302120 
8630      11.404         1.6699652691        0.001321436848 
8631      11.354         1.74432909739       0.001315490673 
8632      11.333         1.773164121         0.001312905468 
8633      11.459         1.67281768283       0.001327348546 
8634      11.423         1.68168695065       0.001323025249 
8635      11.392         1.76984067079       0.001319281991 
8636      11.386         1.75755625799       0.001318434460 
8637      11.387         1.76783228843       0.001318397591 
8638      11.417         1.63618794764       0.001321717990 
8639      11.492         1.60994906752       0.001330246556 
8640      11.45          1.55868534349       0.001325231481 
8641      11.423         1.6637520849        0.001321953477 
8642      11.411         1.72976270049       0.001320411941 
8643      11.436         1.6661044385        0.001323151683 
8644      11.513         1.61797126056       0.001331906524 
8645      11.314         1.78589025419       0.001308733371 
8646      11.445         1.56683598376       0.001323733518 
8647      11.475         1.65872692147       0.001327049843 
8648      11.462         1.73336551252       0.001325393154 
8649      11.432         1.63075933234       0.001321771303 
8650      11.429         1.72654539471       0.001321271676 
8651      11.432         1.73590783165       0.001321465726 
8652      11.383         1.69360886866       0.001315649560 
8653      11.427         1.59582925152       0.001320582456 
8654      11.453         1.76005426053       0.001323434250 
8655      11.454         1.67984642155       0.001323396880 
8656      11.433         1.74914579152       0.001320817929 
8657      11.433         1.65876791626       0.001320665357 
8658      11.502         1.63340013469       0.001328482328 
8659      11.408         1.82798687085       0.001317473149 
8660      11.394         1.69315209004       0.001315704387 
8661      11.383         1.73098555742       0.001314282415 
8662      11.468         1.66342297688       0.001323943661 
8663      11.375         1.63840623778       0.001313055523 
8664      11.371         1.67909469656       0.001312442289 
8665      11.398         1.76623780958       0.001315406809 
8666      11.425         1.72927007723       0.001318370643 
8667      11.476         1.62031601856       0.001324102919 
8668      11.426         1.72526056003       0.001318181818 
8669      11.451         1.72846724007       0.001320913600 
8670      11.454         1.59181782877       0.001321107266 
8671      11.408         1.76961464732       0.001315649867 
8672      11.4           1.82373243652       0.001314575645 
8673      11.409         1.79045217752       0.001315461777 
8674      11.423         1.65591998599       0.001316924141 
8675      11.477         1.73016502103       0.001322997118 
8676      11.447         1.62147802945       0.001319386814 
8677      11.431         1.82407209287       0.001317390803 
8678      11.39          1.7509711591        0.001312514404 
8679      11.438         1.82048235366       0.001317893766 
8680      11.52          1.66240789219       0.001327188940 
8681      11.453         1.64249535768       0.001319318050 
8682      11.47          1.71845861166       0.001321124164 
8683      11.516         1.65582124639       0.001326269722 
8684      11.326         1.7319711314        0.001304237678 
8685      11.405         1.74441250855       0.001313183649 
8686      11.43          1.663460249         0.001315910660 
8687      11.523         1.59105970975       0.001326464832 
8688      11.539         1.61445935223       0.001328153775 
8689      11.307         1.82613006109       0.001301300494 
8690      11.447         1.7621552145        0.001317261219 
8691      11.364         1.74284365334       0.001307559544 
8692      11.465         1.72127133247       0.001319028992 
8693      11.403         1.7420077497        0.001311745082 
8694      11.285         1.87290549682       0.001298021624 
8695      11.474         1.72375288252       0.001319608970 
8696      11.425         1.73042624807       0.001313822447 
8697      11.449         1.68029729512       0.001316430953 
8698      11.438         1.67635199168       0.001315014945 
8699      11.391         1.67335561074       0.001309460857 
8700      11.354         1.69489940704       0.001305057471 
8701      11.335         1.70902750124       0.001302723824 
8702      11.261         1.8441472284        0.001294070328 
8703      11.408         1.75941353865       0.001310812363 
8704      11.396         1.76894997103       0.001309283088 
8705      11.349         1.77347089065       0.001303733486 
8706      11.427         1.71833378597       0.001312543073 
8707      11.477         1.66897303753       0.001318134834 
8708      11.363         1.78808025547       0.001304892053 
8709      11.368         1.7517351398        0.001305316339 
8710      11.354         1.75632684885       0.001303559127 
8711      11.431         1.64354464497       0.001312248880 
8712      11.481         1.66181798041       0.001317837465 
8713      11.488         1.70875861373       0.001318489613 
8714      11.397         1.70158484949       0.001307895340 
8715      11.459         1.7065517865        0.001314859437 
8716      11.417         1.77175365105       0.001309889857 
8717      11.404         1.79298187386       0.001308248250 
8718      11.402         1.72464373133       0.001307868777 
8719      11.429         1.62078962238       0.001310815460 
8720      11.411         1.73438144593       0.001308600917 
8721      11.348         1.73346358485       0.001301226923 
8722      11.477         1.76506968701       0.001315867920 
8723      11.514         1.71400233372       0.001319958729 
8724      11.4           1.63462533934       0.001306740027 
8725      11.387         1.74734970741       0.001305100286 
8726      11.467         1.71607429909       0.001314118725 
8727      11.441         1.7089526032        0.001310988885 
8728      11.427         1.59269300243       0.001309234647 
8729      11.52          1.62468458477       0.001319738801 
8730      11.458         1.69948109728       0.001312485681 
8731      11.465         1.66276125767       0.001313137097 
8732      11.456         1.64196954905       0.001311956023 
8733      11.4           1.73666346769       0.001305393335 
8734      11.432         1.72724520552       0.001308907716 
8735      11.396         1.76158564935       0.001304636519 
8736      11.337         1.7780413381        0.001297733516 
8737      11.41          1.68163610808       0.001305940254 
8738      11.416         1.73923661415       0.001306477454 
8739      11.4           1.68997041394       0.001304497082 
8740      11.482         1.65156774006       0.001313729977 
8741      11.371         1.76049964499       0.001300880906 
8742      11.418         1.70096325651       0.001306108442 
8743      11.405         1.71842224148       0.001304472149 
8744      11.421         1.75663285862       0.001306152790 
8745      11.453         1.6839807006        0.001309662664 
8746      11.446         1.6932465857        0.001308712554 
8747      11.365         1.63333248299       0.001299302618 
8748      11.431         1.72836309843       0.001306698673 
8749      11.441         1.70426494419       0.001307692307 
8750      11.365         1.71690855901       0.001298857142 
8751      11.412         1.72807870191       0.001304079533 
8752      11.518         1.70225614994       0.001316042047 
8753      11.359         1.67335561074       0.001297726493 
8754      11.507         1.70995643219       0.001314484806 
8755      11.436         1.67448618985       0.001306225014 
8756      11.433         1.74742982692       0.001305733211 
8757      11.429         1.75583569846       0.001305127326 
8758      11.317         1.85108373663       0.001292189997 
8759      11.404         1.65492718873       0.001301975111 
8760      11.372         1.8247235407        0.001298173515 
8761      11.39          1.7023219437        0.001300079899 
8762      11.465         1.67892078431       0.001308491212 
8763      11.403         1.7351054723        0.001301266689 
8764      11.387         1.70036202028       0.001299292560 
8765      11.458         1.61933196103       0.001307244723 
8766      11.388         1.70512638828       0.001299110198 
8767      11.494         1.65226027005       0.001311052811 
8768      11.421         1.7198136527        0.001302577554 
8769      11.435         1.67504477552       0.001304025544 
8770      11.511         1.61674951678       0.001312542759 
8771      11.443         1.65733249531       0.001304640291 
8772      11.438         1.75218606318       0.001303921568 
8773      11.438         1.56593614174       0.001303772939 
8774      11.447         1.73758194051       0.001304650102 
8775      11.458         1.71296117878       0.001305754985 
8776      11.41          1.638871563         0.001300136736 
8777      11.426         1.69426208126       0.001301811552 
8778      11.441         1.71945311073       0.001303372066 
8779      11.476         1.66355763351       0.001307210388 
8780      11.405         1.69852141582       0.001298974943 
8781      11.45          1.63079735099       0.001303951713 
8782      11.448         1.62397536927       0.001303575495 
8783      11.398         1.69280713609       0.001297734259 
8784      11.443         1.61825554224       0.001302709471 
8785      11.412         1.66320654159       0.001299032441 
8786      11.464         1.75177167462       0.001304803095 
8787      11.427         1.6854290255        0.001300443837 
8788      11.434         1.73886284681       0.001301092398 
8789      11.411         1.59313495976       0.001298327454 
8790      11.363         1.77910960877       0.001292718998 
8791      11.315         1.77870036825       0.001287111818 
8792      11.492         1.66551373456       0.001307097361 
8793      11.307         1.69137547576       0.001285909245 
8794      11.485         1.67802711539       0.001306004093 
8795      11.426         1.69662134845       0.001299147242 
8796      11.496         1.76294753183       0.001306957708 
8797      11.367         1.70479060298       0.001292145049 
8798      11.362         1.79302983801       0.001291429870 
8799      11.51          1.64131045205       0.001308103193 
8800      11.466         1.73805753645       0.001302954545 
8801      11.449         1.69333959973       0.001300874900 
8802      11.5           1.66252819525       0.001306521245 
8803      11.46          1.7721173776        0.001301828921 
8804      11.46          1.64815047857       0.001301681054 
8805      11.39          1.81656268816       0.001293583191 
8806      11.47          1.63128783481       0.001302521008 
8807      11.334         1.75682782309       0.001286930850 
8808      11.474         1.6399158515        0.001302679382 
8809      11.346         1.7436410181        0.001288000908 
8810      11.36          1.64511397781       0.001289443813 
8811      11.489         1.7515361829        0.001303938258 
8812      11.475         1.69451320443       0.001302201543 
8813      11.396         1.69858293881       0.001293089753 
8814      11.523         1.67017094933       0.001307351940 
8815      11.44          1.78280677585       0.001297787861 
8816      11.352         1.7475972076        0.001287658802 
8817      11.459         1.66021655214       0.001299648406 
8818      11.363         1.7621665642        0.001288614198 
8819      11.497         1.7314707621        0.001303662546 
8820      11.425         1.6847477556        0.001295351473 
8821      11.545         1.63094297877       0.001308808525 
8822      11.411         1.72223082077       0.001293470868 
8823      11.489         1.76291775191       0.001302164796 
8824      11.566         1.58165862309       0.001310743427 
8825      11.394         1.70140059951       0.001291104815 
8826      11.468         1.7248118738        0.001299342850 
8827      11.37          1.80474374912       0.001288093349 
8828      11.408         1.73018380526       0.001292251925 
8829      11.48          1.7474552927        0.001300260505 
8830      11.46          1.62                0.001297848244 
8831      11.47          1.64350235777       0.001298833654 
8832      11.494         1.6822496842        0.001301403985 
8833      11.474         1.71269495241       0.001298992414 
8834      11.426         1.78171939429       0.001293411817 
8835      11.479         1.68391181479       0.001299264289 
8836      11.44          1.71184111412       0.001294703485 
8837      11.429         1.73117272391       0.001293312210 
8838      11.441         1.71887143207       0.001294523647 
8839      11.395         1.79804755221       0.001289172983 
8840      11.492         1.67807508771       0.001299999999 
8841      11.461         1.68299702911       0.001296346567 
8842      11.496         1.71113529564       0.001300158335 
8843      11.47          1.65804101276       0.001297071129 
8844      11.582         1.61532535422       0.001309588421 
8845      11.384         1.63295560258       0.001287054833 
8846      11.423         1.82265493169       0.001291318109 
8847      11.398         1.73481872252       0.001288346332 
8848      11.414         1.69723422073       0.001290009041 
8849      11.525         1.60666580221       0.001302407051 
8850      11.443         1.70960551005       0.001292994350 
8851      11.535         1.67534324841       0.001303242571 
8852      11.538         1.71247072968       0.001303434252 
8853      11.583         1.67902084561       0.001308370044 
8854      11.406         1.78470277637       0.001288231307 
8855      11.446         1.75188013289       0.001292603049 
8856      11.53          1.63862747444       0.001301942186 
8857      11.416         1.65980239788       0.001288924014 
8858      11.508         1.59246224445       0.001299164596 
8859      11.478         1.70397065702       0.001295631561 
8860      11.398         1.6880746429        0.001286455981 
8861      11.444         1.69377212163       0.001291502087 
8862      11.548         1.62840289855       0.001303091852 
8863      11.447         1.65020938065       0.001291549136 
8864      11.465         1.68130157913       0.001293434115 
8865      11.466         1.8217694695        0.001293401015 
8866      11.438         1.72862835798       0.001290096999 
8867      11.375         1.69421810875       0.001282846509 
8868      11.469         1.6598310155        0.001293301759 
8869      11.466         1.65615337454       0.001292817679 
8870      11.494         1.73895485853       0.001295828635 
8871      11.458         1.82817832828       0.001291624394 
8872      11.437         1.75727943139       0.001289111812 
8873      11.429         1.70087007146       0.001288064916 
8874      11.521         1.64850204731       0.001298287130 
8875      11.365         1.72272313504       0.001280563380 
8876      11.413         1.74597565848       0.001285826949 
8877      11.442         1.74431533846       0.001288948969 
8878      11.531         1.64226642175       0.001298828564 
8879      11.386         1.71901250723       0.001282351616 
8880      11.553         1.78134527815       0.001301013513 
8881      11.392         1.71648944069       0.001282738430 
8882      11.467         1.711406147         0.001291038054 
8883      11.562         1.6613717224        0.001301587301 
8884      11.443         1.70550608325       0.001288045925 
8885      11.461         1.72756447058       0.001289926842 
8886      11.476         1.68446549386       0.001291469727 
8887      11.405         1.6628213975        0.001283335208 
8888      11.504         1.59561398841       0.001294329432 
8889      11.436         1.68401425172       0.001286533918 
8890      11.477         1.74053756064       0.001291001124 
8891      11.431         1.7530656006        0.001285682150 
8892      11.499         1.71639127241       0.001293184885 
8893      11.497         1.75669889281       0.001292814573 
8894      11.448         1.63807692127       0.001287159883 
8895      11.397         1.73129749032       0.001281281618 
8896      11.39          1.72391995174       0.001280350719 
8897      11.46          1.64024388431       0.001288074631 
8898      11.461         1.61260007441       0.001288042256 
8899      11.474         1.70156516184       0.001289358354 
8900      11.527         1.73068512445       0.001295168539 
8901      11.416         1.74038616405       0.001282552522 
8902      11.508         1.64010243583       0.001292743203 
8903      11.466         1.75238237836       0.001287880489 
8904      11.541         1.68532459781       0.001296159029 
8905      11.501         1.74126362163       0.001291521617 
8906      11.353         1.68356496756       0.001274758589 
8907      11.499         1.67988065052       0.001291007073 
8908      11.431         1.73529219442       0.001283228558 
8909      11.476         1.69275633214       0.001288135593 
8910      11.439         1.72170816342       0.001283838383 
8911      11.467         1.73173641181       0.001286836494 
8912      11.488         1.80273569888       0.001289048473 
8913      11.357         1.71626076107       0.001274206215 
8914      11.442         1.69547515464       0.001283598833 
8915      11.442         1.7873544696        0.001283454851 
8916      11.428         1.71313046789       0.001281740690 
8917      11.386         1.78073131045       0.001276886845 
8918      11.457         1.76015652713       0.001284705090 
8919      11.529         1.61776357976       0.001292633703 
8920      11.435         1.83023905542       0.001281950672 
8921      11.495         1.69232827785       0.001288532675 
8922      11.506         1.75953516589       0.001289621161 
8923      11.474         1.72491275142       0.001285890395 
8924      11.454         1.75552954974       0.001283505154 
8925      11.455         1.7099634499        0.001283473389 
8926      11.437         1.66614255092       0.001281313018 
8927      11.526         1.70567406031       0.001291139240 
8928      11.445         1.76775988188       0.001281922043 
8929      11.533         1.66340343874       0.001291634001 
8930      11.464         1.71950690606       0.001283762597 
8931      11.505         1.6130638549        0.001288209606 
8932      11.442         1.7379976985        0.001281012091 
8933      11.442         1.73742222848       0.001280868689 
8934      11.45          1.67675281422       0.001281620774 
8935      11.49          1.61861051523       0.001285954113 
8936      11.448         1.74163601249       0.001281110116 
8937      11.445         1.74441250855       0.001280631084 
8938      11.438         1.70415844334       0.001279704631 
8939      11.572         1.66577789636       0.001294551963 
8940      11.415         1.68367900741       0.001276845637 
8941      11.538         1.71013332814       0.001290459680 
8942      11.445         1.69969850268       0.001279915007 
8943      11.451         1.7203485112        0.001280442804 
8944      11.462         1.68598813756       0.001281529516 
8945      11.405         1.81630806858       0.001275013974 
8946      11.403         1.70193742541       0.001274647887 
8947      11.367         1.75394156117       0.001270481725 
8948      11.4           1.77144009213       0.001274027715 
8949      11.424         1.77995056111       0.001276567214 
8950      11.388         1.72668931774       0.001272402234 
8951      11.471         1.60161137608       0.001281532789 
8952      11.49          1.62785134456       0.001283512064 
8953      11.422         1.81050158796       0.001275773483 
8954      11.448         1.66892060926       0.001278534733 
8955      11.507         1.68758733107       0.001284980457 
8956      11.379         1.76447130892       0.001270544886 
8957      11.512         1.67864707428       0.001285251758 
8958      11.395         1.79024439672       0.001272047331 
8959      11.489         1.6449556225        0.001282397589 
8960      11.528         1.76499745042       0.001286607142 
8961      11.48          1.68451773514       0.001281107019 
8962      11.533         1.67955678677       0.001286877929 
8963      11.456         1.63647914744       0.001278143478 
8964      11.439         1.72286940886       0.001276104417 
8965      11.435         1.75492877348       0.001275515895 
8966      11.489         1.72275331954       0.001281396386 
8967      11.409         1.80823643366       0.001272331883 
8968      11.335         1.92944940333       0.001263938447 
8969      11.422         1.69349224976       0.001273497602 
8970      11.47          1.82513013235       0.001278706800 
8971      11.406         1.72138432664       0.001271430163 
8972      11.495         1.73665626996       0.001281208203 
8973      11.47          1.78748426567       0.001278279282 
8974      11.481         1.70106995741       0.001279362603 
8975      11.453         1.75834894148       0.001276100278 
8976      11.472         1.75077582803       0.001278074866 
8977      11.444         1.60775122454       0.001274813412 
8978      11.381         1.74236592024       0.001267654265 
8979      11.494         1.66432088252       0.001280098006 
8980      11.487         1.65584751713       0.001279175946 
8981      11.423         1.80833376344       0.001271907359 
8982      11.482         1.69283076532       0.001278334446 
8983      11.473         1.68560701233       0.001277190248 
8984      11.4           1.83303027798       0.001268922528 
8985      11.463         1.68304218604       0.001275792988 
8986      11.409         1.77361748976       0.001269641664 
8987      11.472         1.70857133301       0.001276510515 
8988      11.395         1.79804755221       0.001267801513 
8989      11.479         1.77357238364       0.001277005228 
8990      11.434         1.76001249996       0.001271857619 
8991      11.513         1.70347615187       0.001280502724 
8992      11.537         1.68897335681       0.001283029359 
8993      11.513         1.71225903414       0.001280217947 
8994      11.505         1.71521864495       0.001279186124 
8995      11.492         1.59935486994       0.001277598665 
8996      11.589         1.60314659342       0.001288239217 
8997      11.528         1.69269489277       0.001281315994 
8998      11.651         1.60099937539       0.001294843298 
8999      11.5           1.6923356641        0.001277919768 
9000      11.472         1.63316135149       0.001274666666 
