N         AVERAGE        STD-DEVIATION       AV: COUNT / N

9701      11.58          1.75886326927       0.001193691372 
9702      11.572         1.69729667413       0.001192743764 
9703      11.623         1.64038745423       0.001197876945 
9704      11.544         1.76976382605       0.001189612530 
9705      11.553         1.8491054594        0.001190417310 
9706      11.581         1.6761381208        0.001193179476 
9707      11.556         1.6336658165        0.001190481096 
9708      11.548         1.7267588135        0.001189534404 
9709      11.56          1.71008771705       0.001190647852 
9710      11.562         1.72225317535       0.001190731204 
9711      11.652         1.63673333198       0.001199876428 
9712      11.549         1.69752731937       0.001189147446 
9713      11.584         1.67419951021       0.001192628436 
9714      11.642         1.57665341784       0.001198476425 
9715      11.658         1.69205082666       0.001200000000 
9716      11.598         1.64267951835       0.001193701111 
9717      11.692         1.64533765532       0.001203252032 
9718      11.565         1.71632601798       0.001190059683 
9719      11.619         1.68280688137       0.001195493363 
9720      11.578         1.75724671006       0.001191152263 
9721      11.523         1.76223466088       0.001185371875 
9722      11.569         1.63805952273       0.001189981485 
9723      11.547         1.70990964674       0.001187596420 
9724      11.675         1.61349775333       0.001200637597 
9725      11.641         1.62545962731       0.001197017994 
9726      11.546         1.73490172632       0.001187127287 
9727      11.556         1.72593858523       0.001188033309 
9728      11.601         1.6881347695        0.001192537006 
9729      11.642         1.57728754512       0.001196628636 
9730      11.566         1.67858392701       0.001188694758 
9731      11.538         1.70544891451       0.001185695200 
9732      11.646         1.65126739204       0.001196670776 
9733      11.596         1.71894851581       0.001191410664 
9734      11.629         1.62337888369       0.001194678446 
9735      11.612         1.77917284152       0.001192809450 
9736      11.641         1.6715618445        0.001195665571 
9737      11.502         1.79164617043       0.001181267330 
9738      11.691         1.66538854325       0.001200554528 
9739      11.603         1.61474177502       0.001191395420 
9740      11.595         1.69321439871       0.001190451745 
9741      11.558         1.8023972925        0.001186531156 
9742      11.543         1.68883125267       0.001184869636 
9743      11.568         1.6460182259        0.001187313969 
9744      11.698         1.60274639291       0.001200533661 
9745      11.696         1.680352344         0.001200205233 
9746      11.631         1.77054765539       0.001193412682 
9747      11.557         1.70257187807       0.001185698163 
9748      11.7           1.62542302186       0.001200246204 
9749      11.543         1.64625362566       0.001184018873 
9750      11.646         1.74375571684       0.001194461538 
9751      11.621         1.68622626003       0.001191775202 
9752      11.619         1.68399495249       0.001191447908 
9753      11.519         1.73194659271       0.001181072490 
9754      11.584         1.67897111351       0.001187615337 
9755      11.522         1.79597216014       0.001181137878 
9756      11.631         1.66578480003       0.001192189421 
9757      11.5           1.74011493873       0.001178640975 
9758      11.604         1.69740507835       0.001189178110 
9759      11.588         1.67757443948       0.001187416743 
9760      11.549         1.66180594535       0.001183299180 
9761      11.616         1.77102907938       0.001190042003 
9762      11.575         1.73158164693       0.001185720139 
9763      11.596         1.77448133267       0.001187749667 
9764      11.593         1.7548079667        0.001187320770 
9765      11.56          1.70481670569       0.001183819764 
9766      11.612         1.77128653808       0.001189023141 
9767      11.556         1.71897178569       0.001183167809 
9768      11.517         1.72907807805       0.001179054054 
9769      11.503         1.84986242732       0.001177500255 
9770      11.613         1.73471352102       0.001188638689 
9771      11.563         1.73436760809       0.001183399856 
9772      11.571         1.65437571307       0.001184097421 
9773      11.639         1.67471758813       0.001190934206 
9774      11.61          1.68401306408       0.001187845303 
9775      11.605         1.64528872846       0.001187212276 
9776      11.577         1.67214562763       0.001184226677 
9777      11.624         1.75117788931       0.001188912754 
9778      11.601         1.69640767506       0.001186438944 
9779      11.526         1.83393674918       0.001178648123 
9780      11.572         1.60835816907       0.001183231083 
9781      11.628         1.65517854022       0.001188835497 
9782      11.558         1.72471330951       0.001181557963 
9783      11.654         1.63532382114       0.001191250127 
9784      11.629         1.60541552254       0.001188573180 
9785      11.553         1.76442370195       0.001180684721 
9786      11.55          1.75314004004       0.001180257510 
9787      11.569         1.71500408163       0.001182078267 
9788      11.537         1.67709003932       0.001178688189 
9789      11.582         1.65205205729       0.001183164776 
9790      11.516         1.78654526951       0.001176302349 
9791      11.607         1.74944305423       0.001185476457 
9792      11.672         1.6674579455        0.001191993464 
9793      11.684         1.61311623884       0.001193097110 
9794      11.632         1.64029753399       0.001187665917 
9795      11.512         1.70465715028       0.001175293517 
9796      11.633         1.67341297951       0.001187525520 
9797      11.655         1.65407829319       0.001189649892 
9798      11.49          1.70701493842       0.001172688303 
9799      11.551         1.77915682277       0.001178793754 
9800      11.592         1.72207316918       0.001182857142 
9801      11.567         1.67973539583       0.001180185695 
9802      11.623         1.66579440508       0.001185778412 
9803      11.589         1.79724205381       0.001182189125 
9804      11.651         1.59034555993       0.001188392492 
9805      11.571         1.69969379595       0.001180112187 
9806      11.57          1.75074269954       0.001179889863 
9807      11.497         1.74985456539       0.001172325889 
9808      11.532         1.69734380725       0.001175774877 
9809      11.724         1.59179898228       0.001195228871 
9810      11.571         1.69025412291       0.001179510703 
9811      11.612         1.76223040491       0.001183569462 
9812      11.579         1.76798161755       0.001180085609 
9813      11.54          1.73505043154       0.001175991032 
9814      11.619         1.70406543302       0.001183920929 
9815      11.595         1.7930351363        0.001181355068 
9816      11.629         1.71036808904       0.001184698451 
9817      11.635         1.65884749148       0.001185188957 
9818      11.625         1.7361955535        0.001184049704 
9819      11.558         1.71132580183       0.001177105611 
9820      11.629         1.77069449652       0.001184215885 
9821      11.585         1.77222318008       0.001179615110 
9822      11.677         1.66513392855       0.001188861738 
9823      11.561         1.73904542781       0.001176931690 
9824      11.573         1.66032255902       0.001178033387 
9825      11.536         1.75291300412       0.001174147582 
9826      11.558         1.64579342568       0.001176267046 
9827      11.595         1.73751978406       0.001179912486 
9828      11.593         1.79536932134       0.001179588929 
9829      11.672         1.60200374531       0.001187506358 
9830      11.598         1.69127052833       0.001179857578 
9831      11.597         1.78734188112       0.001179635845 
9832      11.522         1.80652041228       0.001171887713 
9833      11.606         1.63424722732       0.001180311196 
9834      11.742         1.59104871076       0.001194020744 
9835      11.619         1.66848404248       0.001181392984 
9836      11.596         1.70258156926       0.001178934526 
9837      11.615         1.66996257443       0.001180746162 
9838      11.599         1.72458661713       0.001178999796 
9839      11.516         1.86487104112       0.001170444150 
9840      11.642         1.64311776815       0.001183130081 
9841      11.67          1.67782597429       0.001185855096 
9842      11.646         1.70548644087       0.001183296078 
9843      11.559         1.75114790923       0.001174337092 
9844      11.558         1.77556638851       0.001174116212 
9845      11.619         1.67267420617       0.001180192991 
9846      11.682         1.73518759793       0.001186471663 
9847      11.549         1.77696342112       0.001172844521 
9848      11.662         1.59679554108       0.001184199837 
9849      11.588         1.74535268642       0.001176566148 
9850      11.694         1.7522454166        0.001187208121 
9851      11.612         1.68090927774       0.001178763577 
9852      11.543         1.7268905582        0.001171640276 
9853      11.586         1.71831429023       0.001175885517 
9854      11.692         1.61590098707       0.001186523239 
9855      11.686         1.72319586815       0.001185794013 
9856      11.635         1.76402239215       0.001180499188 
9857      11.591         1.73427765943       0.001175915592 
9858      11.567         1.79819659659       0.001173361736 
9859      11.651         1.6932805438        0.001181762856 
9860      11.539         1.72640638321       0.001170283975 
9861      11.533         1.75980425048       0.001169556840 
9862      11.652         1.62323627362       0.001181504765 
9863      11.642         1.7279571754        0.001180371083 
9864      11.518         1.73253455954       0.001167680454 
9865      11.617         1.71123084357       0.001177597567 
9866      11.528         1.73413263622       0.001168457328 
9867      11.684         1.59252755078       0.001184149184 
9868      11.633         1.77434804928       0.001178860964 
9869      11.624         1.72818517526       0.001177829567 
9870      11.564         1.78603023491       0.001171631205 
9871      11.587         1.68417071581       0.001173842569 
9872      11.604         1.71323787023       0.001175445705 
9873      11.657         1.61967620221       0.001180694824 
9874      11.603         1.65269204633       0.001175106339 
9875      11.628         1.75488347191       0.001177518987 
9876      11.627         1.72275099768       0.001177298501 
9877      11.493         1.75782564551       0.001163612432 
9878      11.531         1.8278509239        0.001167341567 
9879      11.689         1.63776646687       0.001183216924 
9880      11.546         1.7714073501        0.001168623481 
9881      11.668         1.60367577771       0.001180852140 
9882      11.596         1.7648750664        0.001173446670 
9883      11.607         1.75628898533       0.001174440959 
9884      11.691         1.69278439265       0.001182820720 
9885      11.544         1.69294536238       0.001167830045 
9886      11.56          1.67104757562       0.001169330366 
9887      11.592         1.86963525855       0.001172448669 
9888      11.699         1.66805245721       0.001183151294 
9889      11.611         1.66963439112       0.001174132874 
9890      11.611         1.67620971242       0.001174014155 
9891      11.673         1.69117444399       0.001180163785 
9892      11.77          1.64350235777       0.001189850384 
9893      11.639         1.60893722687       0.001176488426 
9894      11.549         1.64243690899       0.001167273094 
9895      11.681         1.61283570149       0.001180495199 
9896      11.623         1.75010599679       0.001174514955 
9897      11.618         1.80778206651       0.001173891078 
9898      11.672         1.72058594671       0.001179228126 
9899      11.57          1.74387499552       0.001168804929 
9900      11.557         1.78570742284       0.001167373737 
9901      11.579         1.76854714384       0.001169477830 
9902      11.53          1.72484781937       0.001164411230 
9903      11.654         1.67996547584       0.001176815106 
9904      11.531         1.74958252163       0.001164277059 
9905      11.711         1.62218340517       0.001182332155 
9906      11.529         1.78077483136       0.001163840096 
9907      11.598         1.77098729527       0.001170687392 
9908      11.649         1.67743822539       0.001175716592 
9909      11.558         1.76992542216       0.001166414370 
9910      11.53          1.70912258191       0.001163471241 
9911      11.577         1.77089553616       0.001168096054 
9912      11.668         1.65703832183       0.001177158999 
9913      11.6           1.72684683745       0.001170180570 
9914      11.651         1.82625272074       0.001175206778 
9915      11.644         1.64841256972       0.001174382249 
9916      11.678         1.67639971367       0.001177692617 
9917      11.676         1.61400867408       0.001177372189 
9918      11.512         1.72390719008       0.001160717886 
9919      11.633         1.7505173521        0.001172799677 
9920      11.695         1.60747472764       0.001178931451 
9921      11.668         1.70111022571       0.001176091119 
9922      11.655         1.70879343398       0.001174662366 
9923      11.655         1.64133329949       0.001174543988 
9924      11.612         1.69807420333       0.001170092704 
9925      11.643         1.61417192393       0.001173098236 
9926      11.668         1.70228552247       0.001175498690 
9927      11.61          1.70818617252       0.001169537624 
9928      11.597         1.61820610554       0.001168110394 
9929      11.599         1.71353406736       0.001168194178 
9930      11.578         1.7052612703        0.001165961732 
9931      11.737         1.71867128911       0.001181854798 
9932      11.646         1.60893878069       0.001172573499 
9933      11.636         1.71682963628       0.001171448706 
9934      11.631         1.65131432502       0.001170827461 
9935      11.556         1.7392136154        0.001163160543 
9936      11.603         1.67074564192       0.001167773752 
9937      11.592         1.6533408602        0.001166549260 
9938      11.643         1.65031845412       0.001171563694 
9939      11.578         1.68520503204       0.001164905926 
9940      11.681         1.69742127947       0.001175150905 
9941      11.566         1.65337352102       0.001163464440 
9942      11.637         1.73471352102       0.001170488835 
9943      11.641         1.75616599443       0.001170773408 
9944      11.681         1.79533812971       0.001174678197 
9945      11.698         1.59962370575       0.001176269482 
9946      11.664         1.66646452107       0.001172732756 
9947      11.615         1.68723886868       0.001167688750 
9948      11.626         1.78216834222       0.001168677121 
9949      11.555         1.71551012821       0.001161423258 
9950      11.692         1.70737693554       0.001175075376 
9951      11.642         1.71050752702       0.001169932670 
9952      11.598         1.70833134959       0.001165393890 
9953      11.585         1.78066700986       0.001163970662 
9954      11.593         1.77633076875       0.001164657424 
9955      11.54          1.69363514371       0.001159216474 
9956      11.653         1.61882395584       0.001170449979 
9957      11.553         1.73930762087       0.001160289243 
9958      11.507         1.85686590792       0.001155553323 
9959      11.586         1.77330313257       0.001163369816 
9960      11.665         1.67534324841       0.001171184738 
9961      11.534         1.73229443225       0.001157915871 
9962      11.512         1.82533722912       0.001155591246 
9963      11.613         1.69388045623       0.001165612767 
9964      11.599         1.8061558626        0.001164090726 
9965      11.641         1.67215998038       0.001168188660 
9966      11.581         1.74683685558       0.001162050973 
9967      11.71          1.69643744359       0.001174877094 
9968      11.625         1.77774435732       0.001166231942 
9969      11.541         1.77096555585       0.001157688835 
9970      11.742         1.55545363158       0.001177733199 
9971      11.631         1.69199261228       0.001166482800 
9972      11.708         1.67114810834       0.001174087444 
9973      11.577         1.73610800355       0.001160834252 
9974      11.624         1.71365807558       0.001165430118 
9975      11.648         1.71292031338       0.001167719298 
9976      11.555         1.81465561471       0.001158279871 
9977      11.557         1.73457516413       0.001158364237 
9978      11.671         1.65371067603       0.001169673281 
9979      11.69          1.69584787054       0.001171460066 
9980      11.597         1.6854052925        0.001162024048 
9981      11.675         1.73475502593       0.001169722472 
9982      11.686         1.6647534352        0.001170707273 
9983      11.709         1.57997436688       0.001172893919 
9984      11.696         1.65999518072       0.001171474358 
9985      11.618         1.71699621432       0.001163545317 
9986      11.684         1.66557617658       0.001170038053 
9987      11.557         1.7699579091        0.001157204365 
9988      11.657         1.71678507682       0.001167100520 
9989      11.626         1.7550282049        0.001163880268 
9990      11.639         1.78064005346       0.001165065065 
9991      11.6           1.86493967731       0.001161044940 
9992      11.603         1.64237358722       0.001161228983 
9993      11.701         1.59737253013       0.001170919643 
9994      11.637         1.69447071382       0.001164398639 
9995      11.699         1.70891749362       0.001170485242 
9996      11.587         1.76704018064       0.001159163665 
9997      11.677         1.67948533783       0.001168050415 
9998      11.704         1.70832783739       0.001170634126 
9999      11.697         1.60536319878       0.001169816981 
10000     11.619         1.73488875724       0.001161899999 
