N         AVERAGE        STD-DEVIATION       AV: COUNT / N

6201      10.89          1.68994082737       0.001756168359 
6202      10.939         1.72257917089       0.001763785875 
6203      10.874         1.79056527387       0.001753022730 
6204      10.836         1.78412555612       0.001746615087 
6205      10.955         1.62017745942       0.001765511684 
6206      10.992         1.63215685521       0.001771189171 
6207      10.912         1.69889846665       0.001758015144 
6208      10.995         1.62879556728       0.001771101804 
6209      10.882         1.76807126553       0.001752617168 
6210      10.99          1.62662226715       0.001769726247 
6211      10.995         1.55787515546       0.001770246337 
6212      10.989         1.69377654961       0.001768995492 
6213      10.934         1.62592865772       0.001759858361 
6214      10.911         1.72947361934       0.001755873833 
6215      10.883         1.68443195173       0.001751086082 
6216      10.94          1.64085343648       0.001759974259 
6217      11.011         1.71022776261       0.001771111468 
6218      10.983         1.61886101936       0.001766323576 
6219      10.931         1.64870828226       0.001757678083 
6220      10.921         1.68960320786       0.001755787781 
6221      10.846         1.77771876291       0.001743449606 
6222      10.94          1.74137876408       0.001758277081 
6223      10.854         1.85975374714       0.001744174835 
6224      11.024         1.66895895695       0.001771208226 
6225      10.856         1.70975553808       0.001743935742 
6226      10.893         1.68331547845       0.001749598458 
6227      10.885         1.75378875581       0.001748032760 
6228      10.899         1.68130871645       0.00175        
6229      10.962         1.73047854653       0.001759833039 
6230      10.881         1.6687836888        0.001746548956 
6231      10.966         1.73805753645       0.001759910126 
6232      10.9           1.70938585463       0.001749037227 
6233      10.925         1.61473682066       0.001752767527 
6234      10.897         1.71941588919       0.001747994866 
6235      10.935         1.67534324841       0.001753809141 
6236      10.992         1.64800970871       0.001762668377 
6237      10.948         1.65568596056       0.001755331088 
6238      10.823         1.72385353206       0.001735011221 
6239      11.027         1.66501381376       0.001767430677 
6240      10.966         1.68548034696       0.001757371794 
6241      10.912         1.64202801438       0.001748437750 
6242      10.929         1.76577433439       0.001750881127 
6243      10.926         1.68953366347       0.001750120134 
6244      10.965         1.68753518482       0.001756085842 
6245      10.929         1.72799276619       0.001750040032 
6246      10.937         1.69559163716       0.001751040666 
6247      10.901         1.73700863556       0.001744997598 
6248      10.942         1.71832360165       0.001751280409 
6249      11.006         1.65709504857       0.001761241798 
6250      10.892         1.65781060438       0.001742720000 
6251      10.999         1.67839178978       0.001759558470 
6252      10.914         1.64335145359       0.001745681381 
6253      11.032         1.63614669269       0.001764273148 
6254      10.926         1.65967587197       0.001747041893 
6255      10.964         1.73225402294       0.001752837729 
6256      10.88          1.71043854026       0.001739130434 
6257      10.939         1.79646291362       0.001748281924 
6258      10.886         1.79749937413       0.001739533397 
6259      11.006         1.66371992835       0.001758427863 
6260      11.029         1.59754780836       0.001761821086 
6261      10.903         1.61851506017       0.001741415109 
6262      10.95          1.74914264713       0.001748642606 
6263      10.914         1.72354402323       0.001742615360 
6264      10.969         1.70353720241       0.001751117496 
6265      10.876         1.66391826722       0.001735993615 
6266      11.008         1.63888254613       0.001756782636 
6267      10.835         1.77306937259       0.001728897399 
6268      10.952         1.76909468373       0.001747287811 
6269      10.967         1.68638993118       0.001749401818 
6270      10.984         1.65883814762       0.001751834130 
6271      11.009         1.66760876707       0.001755541380 
6272      11.065         1.66336255819       0.001764190051 
6273      11.034         1.72824882468       0.001758967001 
6274      11.008         1.61367158988       0.001754542556 
6275      11.01          1.6540556218        0.001754581673 
6276      10.956         1.61433082111       0.001745697896 
6277      10.97          1.69443205824       0.001747650151 
6278      10.949         1.7199997093        0.001744026760 
6279      10.941         1.64848991504       0.001742474916 
6280      10.873         1.83326784732       0.001731369426 
6281      10.975         1.59008647564       0.001747333227 
6282      10.958         1.84125935164       0.001744348933 
6283      10.963         1.69517875164       0.001744867101 
6284      10.929         1.71463086406       0.001739178866 
6285      11.043         1.73699481865       0.001757040572 
6286      10.938         1.75845272896       0.001740057270 
6287      10.96          1.66625328207       0.001743279783 
6288      10.919         1.68476674943       0.001736482188 
6289      10.942         1.7934982576        0.001739863253 
6290      10.889         1.67172934412       0.001731160572 
6291      10.904         1.76827147237       0.001733269750 
6292      10.876         1.72354982522       0.001728544183 
6293      10.985         1.58201611875       0.001745590338 
6294      10.948         1.63929741048       0.001739434381 
6295      10.965         1.66005271001       0.001741858617 
6296      10.978         1.62219480951       0.001743646759 
6297      10.91          1.77648529406       0.001732571065 
6298      10.981         1.80959636383       0.001743569387 
6299      10.952         1.629630633         0.001738688680 
6300      11.002         1.56012691791       0.001746349206 
6301      10.887         1.6745838289        0.001727820980 
6302      10.904         1.75692458575       0.001730244366 
6303      10.95          1.7559897494        0.001737267967 
6304      10.892         1.77885806067       0.001727791878 
6305      10.929         1.74182634037       0.001733386201 
6306      10.996         1.69822966645       0.001743736124 
6307      10.926         1.64515166474       0.001732360868 
6308      10.941         1.64909641926       0.001734464172 
6309      10.979         1.67049663274       0.001740212394 
6310      10.944         1.77844426396       0.001734389857 
6311      10.893         1.63754419788       0.001726033909 
6312      10.983         1.59897185716       0.001740019011 
6313      10.951         1.67050860519       0.001734674481 
6314      10.949         1.6038700072        0.001734082990 
6315      10.909         1.74433912987       0.001727474267 
6316      10.959         1.6466083323        0.001735117162 
6317      10.968         1.80968947613       0.001736267215 
6318      10.953         1.74091671254       0.001733618233 
6319      11.011         1.71723003701       0.001742522551 
6320      10.893         1.65576296613       0.001723575949 
6321      10.915         1.76911701139       0.001726783736 
6322      11.002         1.66493122981       0.001740272065 
6323      11.031         1.69470911958       0.001744583267 
6324      10.909         1.7391719294        0.001725015812 
6325      10.963         1.67858005469       0.001733280632 
6326      10.931         1.68708002181       0.001727948150 
6327      10.977         1.64026552729       0.001734945471 
6328      11.021         1.64819871375       0.001741624525 
6329      10.895         1.75953829171       0.001721440985 
6330      11.005         1.73406314764       0.001738546603 
6331      10.908         1.69101626249       0.001722950560 
6332      10.993         1.68135391872       0.001736102337 
6333      11.062         1.61435931564       0.001746723511 
6334      10.88          1.75715679437       0.001717713924 
6335      10.95          1.71216237548       0.001728492501 
6336      10.929         1.7469856897        0.001724905303 
6337      10.982         1.7051908984        0.001732996686 
6338      10.963         1.71686662266       0.001729725465 
6339      10.878         1.66466693365       0.001716043539 
6340      10.974         1.7009773661        0.001730914826 
6341      10.987         1.76715336063       0.001732692004 
6342      10.898         1.83401090509       0.001718385367 
6343      10.966         1.75238237836       0.001728834936 
6344      10.926         1.78620379576       0.001722257250 
6345      10.982         1.62778254076       0.001730811662 
6346      10.941         1.69927013744       0.001724078159 
6347      10.937         1.69736000896       0.001723176303 
6348      10.977         1.71885746937       0.001729206049 
6349      11.019         1.65064805455       0.001735548905 
6350      10.884         1.7212042296        0.001714015748 
6351      10.965         1.6934506193        0.001726499763 
6352      10.986         1.69463978473       0.001729534005 
6353      10.949         1.71475916676       0.001723437745 
6354      10.966         1.66818584097       0.001725841989 
6355      10.905         1.72568102499       0.001715971675 
6356      10.932         1.76617552922       0.001719949653 
6357      10.89          1.76065328785       0.001713072203 
6358      10.935         1.72996387246       0.001719880465 
6359      10.983         1.67532414774       0.001727158358 
6360      10.902         1.78112211822       0.001714150943 
6361      10.915         1.72562307588       0.001715925168 
6362      10.953         1.69197842776       0.001721628418 
6363      10.995         1.68729813607       0.001727958510 
6364      11.071         1.66612094399       0.001739629164 
6365      10.959         1.72433146466       0.001721759622 
6366      11.025         1.61566549756       0.001731856738 
6367      11.051         1.62923264146       0.001735668289 
6368      11.056         1.71897178569       0.001736180904 
6369      10.987         1.61889808203       0.001725074579 
6370      11.03          1.61403221777       0.001731554160 
6371      10.97          1.5978422951        0.001721864699 
6372      10.77          1.7672294701        0.001690207156 
6373      10.961         1.68507536923       0.001719912129 
6374      11.011         1.72652222691       0.001727486664 
6375      10.922         1.7360633629        0.001713254901 
6376      10.999         1.68908229521       0.001725062735 
6377      10.98          1.65154473146       0.001721812764 
6378      10.89          1.72855430924       0.001707431796 
6379      11.013         1.65976835733       0.001726446151 
6380      11.011         1.66038519627       0.001725862068 
6381      10.97          1.66646332093       0.001719166274 
6382      11.022         1.64909550967       0.001727044813 
6383      11.001         1.68196284144       0.001723484255 
6384      10.973         1.63103372129       0.001718828320 
6385      10.889         1.75290587311       0.001705403288 
6386      11.014         1.63945234758       0.001724710303 
6387      10.959         1.75650761456       0.001715829027 
6388      10.947         1.73383707424       0.001713681903 
6389      11.013         1.61642537718       0.001723743934 
6390      11.032         1.63553538635       0.001726447574 
6391      10.969         1.7544340968        0.001716319824 
6392      11.087         1.70159660319       0.001734511889 
6393      11.033         1.65647547522       0.001725793837 
6394      11.029         1.62115977004       0.001724898342 
6395      10.996         1.69055730456       0.001719468334 
6396      11.055         1.60623005824       0.001728424015 
6397      11.002         1.63890085118       0.001719868688 
6398      10.914         1.80682151858       0.001705845576 
6399      10.998         1.61492910061       0.001718706047 
6400      10.987         1.65554552943       0.001716718749 
6401      10.933         1.75228736228       0.001708014372 
6402      11.007         1.64892419474       0.001719306466 
6403      11.022         1.63202818603       0.001721380602 
6404      10.972         1.69328556363       0.001713304184 
6405      10.94          1.73677862723       0.001708040593 
6406      11.012         1.6309064964        0.001719013424 
6407      11.029         1.63038615058       0.001721398470 
6408      10.983         1.71892728177       0.001713951310 
6409      11.088         1.55507427475       0.001730067093 
6410      10.908         1.8153611211        0.001701716068 
6411      10.965         1.69286000603       0.001710341600 
6412      10.977         1.70425086182       0.001711946350 
6413      10.952         1.7423248836        0.001707781069 
6414      10.989         1.72188240017       0.001713283442 
6415      10.932         1.75139258877       0.001704130943 
6416      11.018         1.6042680574        0.001717269326 
6417      11.009         1.66099939795       0.001715599189 
6418      10.966         1.76035337362       0.001708631972 
6419      10.971         1.7176026898        0.001709144726 
6420      11.047         1.72011365904       0.001720716510 
6421      11.045         1.68966712698       0.001720137050 
6422      10.933         1.75513845608       0.001702429149 
6423      10.957         1.67007514801       0.001705900669 
6424      10.953         1.63057995817       0.001705012453 
6425      11.052         1.6233594796        0.001720155642 
6426      11.068         1.64783979804       0.001722377840 
6427      10.96          1.67463428843       0.001705305741 
6428      11.048         1.67859941618       0.001718730553 
6429      11.029         1.66016836496       0.001715507855 
6430      11.049         1.66691301513       0.001718351477 
6431      11.015         1.73227451635       0.001712797387 
6432      10.988         1.69524511502       0.001708333333 
6433      10.984         1.68693331226       0.001707445981 
6434      10.893         1.75486495207       0.001693036990 
6435      11.042         1.65052597677       0.001715928515 
6436      10.874         1.71117620367       0.001689558732 
6437      10.951         1.69782183989       0.001701258350 
6438      10.971         1.69945844315       0.001704100652 
6439      11.029         1.74647044063       0.001712843609 
6440      11.002         1.65891410266       0.001708385093 
6441      11.062         1.67037600557       0.001717435180 
6442      10.937         1.77398731675       0.001697764669 
6443      10.978         1.7445675682        0.001703864659 
6444      10.968         1.74154414242       0.001702048417 
6445      10.914         1.7264425852        0.001693405740 
6446      11.09          1.7250797083        0.001720446788 
6447      11.016         1.67443841332       0.001708701721 
6448      10.862         1.73290392117       0.001684553349 
6449      10.978         1.64423720916       0.001702279423 
6450      11.012         1.5413811988        0.001707286821 
6451      10.975         1.7246376431        0.001701286622 
6452      10.944         1.73633637294       0.001696218226 
6453      11.039         1.68210552582       0.001710677204 
6454      11.027         1.68055675298       0.001708552835 
6455      10.914         1.6639122573        0.001690782339 
6456      10.983         1.68128254615       0.001701208178 
6457      10.966         1.76148914274       0.001698311909 
6458      10.985         1.64826423852       0.001700991018 
6459      10.959         1.60353328622       0.001696702275 
6460      10.922         1.77536362473       0.001690712074 
6461      11.052         1.66592196696       0.001710571119 
6462      10.917         1.76468439105       0.001689415041 
6463      11.009         1.72073211163       0.001703388519 
6464      10.955         1.75013570902       0.001694771039 
6465      10.993         1.70086771972       0.001700386697 
6466      10.945         1.67987350714       0.001692700278 
6467      10.989         1.76886375959       0.001699242307 
6468      10.997         1.70264235822       0.001700216450 
6469      11.008         1.68105205154       0.001701654042 
6470      10.983         1.68544089187       0.001697527047 
6471      11.067         1.69602800684       0.001710245711 
6472      11.016         1.67980475056       0.001702101359 
6473      10.972         1.72430159775       0.001695040939 
6474      10.991         1.78407370924       0.001697713932 
6475      10.934         1.77641324021       0.001688648648 
6476      11.03          1.61403221777       0.001703211859 
6477      10.985         1.80520774428       0.001696001235 
6478      11.038         1.62313154119       0.001703920963 
6479      10.928         1.72881925024       0.001686680043 
6480      10.975         1.70011029054       0.001693672839 
6481      10.985         1.60710142804       0.001694954482 
6482      10.978         1.7915122104        0.001693613082 
6483      11.01          1.7475411297        0.001698287829 
6484      10.958         1.73327320409       0.001690006169 
6485      10.961         1.70337283059       0.001690208172 
6486      10.917         1.78720759846       0.001683163737 
6487      10.965         1.71632601798       0.001690303684 
6488      11.048         1.63208333121       0.001702836004 
6489      10.968         1.71609323756       0.001690245030 
6490      10.975         1.81393908387       0.001691063174 
6491      11.04          1.72696265159       0.001700816515 
6492      11.043         1.68200802614       0.001701016635 
6493      10.986         1.72563147862       0.001691975974 
6494      10.976         1.72320167131       0.001690175546 
6495      11.005         1.66882443654       0.001694380292 
6496      11.004         1.66432689097       0.001693965517 
6497      10.947         1.78611057888       0.001684931506 
6498      11.018         1.73311165249       0.001695598645 
6499      10.924         1.69240184353       0.001680873980 
6500      10.975         1.78111622305       0.001688461538 
6501      10.998         1.69174347937       0.001691739732 
6502      10.953         1.70375790534       0.001684558597 
6503      10.992         1.7152072761        0.001690296786 
6504      10.944         1.68667246376       0.001682656826 
6505      11.043         1.66407662083       0.001697617217 
6506      10.99          1.71403033812       0.001689209960 
6507      10.964         1.64033655083       0.001684954664 
6508      11.04          1.67463428843       0.001696373693 
6509      11.042         1.72227640058       0.001696420341 
6510      10.939         1.6258164103        0.001680337941 
6511      10.956         1.80223860795       0.001682690830 
6512      10.974         1.68384203535       0.001685196560 
6513      11.025         1.73158164693       0.001692768309 
6514      11.037         1.68512047047       0.001694350629 
6515      11.029         1.69001745553       0.001692862624 
6516      11.07          1.71029237267       0.001698895027 
6517      10.992         1.684617464         0.001686665643 
6518      11.037         1.66301864091       0.001693310831 
6519      10.954         1.77873100833       0.001680319067 
6520      11.069         1.74248070291       0.001697699386 
6521      11.002         1.6474210148        0.001687164545 
6522      10.989         1.72652222691       0.001684912603 
6523      11.071         1.78324395415       0.001697225203 
6524      11.114         1.58019112768       0.001703556100 
6525      10.926         1.72757749464       0.001674482758 
6526      11.038         1.69545156227       0.001691388292 
6527      11.042         1.6870791327        0.001691741994 
6528      10.998         1.71055429613       0.001684742647 
6529      10.975         1.7246376431        0.001680961862 
6530      11.053         1.75333710392       0.001692649310 
6531      10.921         1.75007399844       0.001672178839 
6532      10.981         1.77500394366       0.001681108389 
6533      10.995         1.70791539603       0.001682994030 
6534      10.995         1.70146260611       0.001682736455 
6535      11.005         1.70087477493       0.001684009181 
6536      10.985         1.71719975542       0.001680691554 
6537      10.969         1.69706776529       0.001677986844 
6538      11.063         1.67601640803       0.001692107678 
6539      10.989         1.79968858417       0.001680532191 
6540      11.041         1.70625877287       0.001688226299 
6541      10.922         1.74296184697       0.001669775263 
6542      11.057         1.67801996412       0.001690155915 
6543      11.125         1.56696362434       0.001700290386 
6544      10.933         1.6644852057        0.001670690709 
6545      11.069         1.74190671392       0.001691214667 
6546      10.994         1.72451848352       0.001679498930 
6547      10.988         1.74466501083       0.001678325950 
6548      11.043         1.74847104637       0.001686469150 
6549      10.96          1.79454729667       0.001673537944 
6550      10.922         1.82480574309       0.001667480916 
6551      11.018         1.65156774006       0.001681880628 
6552      10.992         1.70115725317       0.001677655677 
6553      11.014         1.69758770024       0.001680756905 
6554      11.071         1.67091561726       0.001689197436 
6555      11.027         1.59319521717       0.001682227307 
6556      10.914         1.81620593546       0.001664734594 
6557      11.01          1.67269244035       0.001679121549 
6558      11.053         1.69534391791       0.001685422384 
6559      10.921         1.68248595834       0.001665040402 
6560      10.919         1.78449964976       0.001664481707 
6561      10.912         1.75904974347       0.001663161103 
6562      10.991         1.70262121448       0.001674946662 
6563      10.955         1.71200905371       0.001669206155 
6564      11.103         1.7112542184        0.001691499085 
6565      11.026         1.70567406031       0.001679512566 
6566      10.985         1.72185220039       0.001673012488 
6567      11.02          1.62837342155       0.001678087406 
6568      10.942         1.7025381053        0.001665956151 
6569      11.074         1.63845170817       0.001685796924 
6570      10.951         1.68718671166       0.001666818873 
6571      11.041         1.60103685154       0.001680261756 
6572      10.944         1.75523901506       0.001665246500 
6573      11.047         1.6651699613        0.001680663319 
6574      11.108         1.59195979849       0.001689686644 
6575      11.031         1.67870158158       0.001677718631 
6576      11.053         1.7315285155        0.001680809002 
6577      10.995         1.63614638709       0.001671734833 
6578      10.975         1.71066507534       0.001668440255 
6579      10.912         1.6769782348        0.001658610731 
6580      11.094         1.627625264         0.001686018237 
6581      10.998         1.71639039848       0.001671174593 
6582      11.06          1.68119005469       0.001680340322 
6583      11.006         1.65467942515       0.001671882120 
6584      11.005         1.74613143835       0.001671476306 
6585      11.015         1.79910394363       0.001672741078 
6586      11.046         1.63764587137       0.001677194047 
6587      11.022         1.6418026678        0.001673295885 
6588      11.154         1.66621847307       0.001693078324 
6589      10.999         1.68671248291       0.001669297313 
6590      11.075         1.69569307364       0.001680576631 
6591      11.157         1.58882063179       0.001692762858 
6592      10.939         1.70155193867       0.001659435679 
6593      11.014         1.79772189173       0.001670559684 
6594      11.011         1.72130154244       0.001669851380 
6595      11.019         1.70898771207       0.001670811220 
6596      10.952         1.75205479366       0.001660400242 
6597      10.993         1.74898570606       0.001666363498 
6598      10.973         1.69772524279       0.001663079721 
6599      10.973         1.77038724577       0.001662827701 
6600      10.909         1.71776569997       0.001652878787 
6601      11.013         1.70083244325       0.001668383578 
6602      10.984         1.76571345354       0.001663738261 
6603      11.071         1.63216390108       0.001676662123 
6604      11.057         1.69107983253       0.001674288310 
6605      10.976         1.66895895695       0.001661771385 
6606      10.975         1.76928657939       0.001661368452 
6607      11.064         1.72450108727       0.001674587558 
6608      11.026         1.68205945198       0.001668583535 
6609      11.016         1.75947264827       0.001666817975 
6610      11.054         1.61774039945       0.001672314674 
6611      10.989         1.76546849306       0.001662229617 
6612      11.036         1.73283120932       0.001669086509 
6613      11.006         1.69822377795       0.001664297595 
6614      11.029         1.62362526465       0.001667523435 
6615      11.077         1.66585443542       0.001674527588 
6616      10.934         1.72268511342       0.001652660217 
6617      10.929         1.78660544049       0.001651654828 
6618      11.008         1.71753777251       0.001663342399 
6619      11.035         1.7308307254        0.001667170267 
6620      11.039         1.72495768064       0.001667522658 
6621      11.063         1.70734618634       0.001670895635 
6622      11.018         1.69754999926       0.001663847780 
6623      11.076         1.80006222115       0.001672353918 
6624      11.108         1.65116201507       0.001676932367 
6625      11.111         1.583880993         0.001677132075 
6626      11.088         1.6137707396        0.001673407787 
6627      11.028         1.73586174565       0.001664101403 
6628      11.066         1.76681747784       0.001669583584 
6629      10.946         1.76835629894       0.001651229446 
6630      11.002         1.71405834206       0.001659426847 
6631      11.088         1.61872048236       0.001672145980 
6632      11.051         1.69304429948       0.001666314837 
6633      11.131         1.59243178818       0.001678124528 
6634      11.073         1.65096062945       0.001669128730 
6635      11.086         1.72180254385       0.001670836473 
6636      11.001         1.79248403061       0.001657775768 
6637      11.008         1.69762657849       0.001658580684 
6638      11.086         1.60331032555       0.001670081349 
6639      11.09          1.68282500576       0.001670432294 
6640      10.977         1.73737474369       0.001653162650 
6641      10.927         1.83130308797       0.001645384731 
6642      11.051         1.74252661386       0.001663806082 
6643      11.0           1.71055546534       0.001655878368 
6644      11.033         1.72218204613       0.001660596026 
6645      11.099         1.6146823217        0.001670278404 
6646      10.973         1.65477218976       0.001651068311 
6647      11.028         1.71616316241       0.001659094328 
6648      11.003         1.69911476952       0.001655084235 
6649      10.988         1.70348348979       0.001652579335 
6650      11.03          1.72310765769       0.001658646616 
6651      11.068         1.60666611342       0.001664110660 
6652      11.072         1.72302524648       0.001664461815 
6653      11.026         1.67012694128       0.001657297459 
6654      11.024         1.71214018118       0.001656747820 
6655      11.09          1.77310462184       0.001666416228 
6656      10.969         1.72801591428       0.001647986778 
6657      11.063         1.66644261827       0.001661859696 
6658      11.005         1.80415492683       0.001652898768 
6659      11.084         1.73405420907       0.001664514191 
6660      11.057         1.71165154164       0.001660210210 
6661      11.093         1.73157471684       0.001665365560 
6662      11.032         1.69675454913       0.001655959171 
6663      11.033         1.70760387678       0.001655860723 
6664      10.998         1.72916048995       0.001650360144 
6665      10.976         1.71389147848       0.001646811702 
6666      10.979         1.73624854212       0.001647014701 
6667      11.066         1.64062305238       0.001659817009 
6668      11.055         1.68046868462       0.001657918416 
6669      11.089         1.76382510471       0.001662768031 
6670      10.985         1.69787367021       0.001646926536 
6671      10.974         1.67311804724       0.001645030730 
6672      11.081         1.62247927568       0.001660821342 
6673      11.025         1.69598791269       0.001652180428 
6674      11.027         1.66441310978       0.001652232544 
6675      11.062         1.70474514224       0.001657228464 
6676      11.035         1.69640060127       0.001652935889 
6677      11.021         1.61757812794       0.001650591583 
6678      10.969         1.84174889711       0.001642557651 
6679      11.095         1.67151877046       0.001661176822 
6680      11.045         1.66942355321       0.001653443113 
6681      11.027         1.74248988519       0.001650501421 
6682      11.009         1.7276918128        0.001647560610 
6683      11.112         1.63629337223       0.001662726320 
6684      11.042         1.69653647176       0.001652004787 
6685      11.117         1.63624906417       0.001662976813 
6686      11.09          1.61180023576       0.001658689799 
6687      11.018         1.71920795717       0.001647674592 
6688      11.097         1.62221792617       0.001659240430 
6689      11.061         1.69802208466       0.001653610405 
6690      11.082         1.71092840294       0.001656502242 
6691      11.085         1.76685454976       0.001656703033 
6692      11.092         1.63325931805       0.001657501494 
6693      11.015         1.69963966769       0.001645749290 
6694      10.972         1.73413263622       0.001639079772 
6695      11.065         1.63608526673       0.001652725914 
6696      11.155         1.67719259478       0.001665919952 
6697      11.069         1.69771581839       0.001652829625 
6698      10.944         1.70495278527       0.001633920573 
6699      11.153         1.61170437736       0.001664875354 
6700      10.976         1.69924218403       0.001638208955 
6701      11.03          1.75530624109       0.001646022981 
6702      11.169         1.6493753363        0.001666517457 
6703      10.99          1.76235637713       0.001639564374 
6704      11.076         1.70593786522       0.001652147971 
6705      11.047         1.83215474237       0.001647576435 
6706      11.01          1.69171510604       0.001641813301 
6707      11.135         1.63669636769       0.001660205755 
6708      11.117         1.70038554452       0.001657274895 
6709      10.996         1.69528286725       0.001638992398 
6710      10.979         1.73682440103       0.001636214605 
6711      10.993         1.73232531587       0.001638056921 
6712      10.981         1.80959636383       0.001636025029 
6713      11.072         1.68843596266       0.001649337107 
6714      11.093         1.65358731248       0.001652219243 
6715      10.991         1.71316052955       0.001636783320 
6716      11.115         1.66185889894       0.001655002977 
6717      11.059         1.71858051892       0.001646419532 
6718      11.055         1.73319791138       0.001645579041 
6719      11.027         1.64020456041       0.001641166840 
6720      11.041         1.69390643189       0.001643005952 
6721      11.112         1.68031425632       0.001653325398 
6722      11.069         1.76698585167       0.001646682534 
6723      11.051         1.76476599015       0.001643760226 
6724      11.077         1.72831449684       0.001647382510 
6725      11.092         1.69101626249       0.001649368029 
6726      11.028         1.78863523391       0.001639607493 
6727      11.045         1.65317119501       0.001641890887 
6728      11.056         1.62014320355       0.001643281807 
6729      10.997         1.6926284294        0.001634269579 
6730      11.078         1.72798032396       0.001646062407 
6731      11.017         1.7890531015        0.001636755311 
6732      11.058         1.67709153          0.001642602495 
6733      10.951         1.74716885274       0.001626466656 
6734      11.191         1.70661038319       0.001661865161 
6735      11.164         1.63801831492       0.001657609502 
6736      11.01          1.6498181718        0.001634501187 
6737      11.042         1.64870737246       0.001639008460 
6738      11.071         1.65286387824       0.001643069159 
6739      11.099         1.59849898342       0.001646980264 
6740      11.01          1.7509711591        0.001633531157 
6741      11.067         1.69543829142       0.001641744548 
6742      11.086         1.68422207562       0.001644319193 
6743      11.088         1.71704863065       0.001644371941 
6744      11.102         1.70809718693       0.001646204033 
6745      11.208         1.63301439063       0.001661675315 
6746      11.09          1.69348752579       0.001643937147 
6747      11.112         1.70747064396       0.001646954201 
6748      11.052         1.65266330509       0.001637818612 
6749      11.001         1.81741547259       0.001630019262 
6750      10.951         1.76708771712       0.001622370370 
6751      11.044         1.72512724168       0.001635905791 
6752      11.009         1.77000536722       0.001630479857 
6753      11.108         1.64995030228       0.001644898563 
6754      11.063         1.61090999128       0.001637992300 
6755      11.06          1.71359271707       0.001637305699 
6756      11.154         1.58627992486       0.001650976909 
6757      10.986         1.77870852025       0.001625869468 
6758      11.081         1.65603109874       0.001639686297 
6759      11.131         1.64129186923       0.001646841248 
6760      10.948         1.65447756104       0.001619526627 
6761      11.077         1.61526189827       0.001638367105 
6762      11.02          1.65577776287       0.001629695356 
6763      11.058         1.68838265805       0.001635073192 
6764      11.101         1.64097501504       0.001641188645 
6765      11.073         1.66783422438       0.001636807095 
6766      11.062         1.62854413511       0.001634939402 
6767      11.059         1.68271179945       0.001634254470 
6768      11.001         1.80360721888       0.001625443262 
6769      11.11          1.75724215747       0.001641305953 
6770      11.036         1.76201702602       0.001630132939 
6771      11.07          1.67305110502       0.001634913602 
6772      10.985         1.7328516959        0.001622120496 
6773      11.061         1.62827485395       0.001633102022 
6774      11.033         1.7216012895        0.001628727487 
6775      11.11          1.65586835226       0.001639852398 
6776      11.089         1.66765673926       0.001636511216 
6777      11.029         1.66077060427       0.001627416260 
6778      11.028         1.79421737813       0.001627028622 
6779      11.007         1.63062901973       0.001623690809 
6780      10.997         1.70264235822       0.001621976401 
6781      11.029         1.72283458289       0.001626456274 
6782      11.02          1.74                0.001624889413 
6783      11.096         1.780669537         0.001635854341 
6784      11.135         1.6039872194        0.001641362028 
6785      11.081         1.70541461235       0.001633161385 
6786      11.071         1.66311725383       0.001631447096 
6787      11.0           1.77538728169       0.001620745542 
6788      11.067         1.67287507005       0.001630377136 
6789      11.023         1.75170516926       0.001623655913 
6790      11.015         1.75749110951       0.001622238586 
6791      11.115         1.68634960788       0.001636725077 
6792      11.045         1.72365164694       0.001626177856 
6793      11.128         1.67619091991       0.001638156926 
6794      11.055         1.72626040909       0.001627171033 
6795      11.101         1.65372277          0.001633701250 
6796      11.071         1.71637962001       0.001629046497 
6797      11.065         1.69197369956       0.001627924084 
6798      11.135         1.56677215957       0.001637981759 
6799      11.081         1.73217753132       0.001629798499 
6800      11.001         1.79638498101       0.001617794117 
6801      11.018         1.77529603165       0.001620055874 
6802      11.144         1.6478058138        0.001638341664 
6803      11.049         1.68065433686       0.001624136410 
6804      11.152         1.62815724056       0.001639035861 
6805      11.13          1.61774534461       0.001635562086 
6806      11.059         1.72206823326       0.001624889803 
6807      11.112         1.61970861577       0.001632437197 
6808      11.097         1.70046787679       0.001629994124 
6809      11.091         1.68247407112       0.001628873549 
6810      11.077         1.59344626517       0.001626578560 
6811      10.995         1.69793256639       0.001614300396 
6812      11.14          1.63658180364       0.001635349383 
6813      11.053         1.63407190784       0.001622339644 
6814      11.078         1.65768392645       0.001625770472 
6815      11.101         1.74550823544       0.001628906823 
6816      11.114         1.74671234037       0.001630575117 
6817      11.109         1.64836858742       0.001629602464 
6818      11.135         1.61826295762       0.001633176884 
6819      11.183         1.61292002282       0.001639976536 
6820      11.225         1.59761541054       0.001645894428 
6821      11.078         1.7040880259        0.001624102037 
6822      11.133         1.66892510317       0.001631926121 
6823      11.12          1.67379807623       0.001629781620 
6824      10.956         1.73437712162       0.001605509964 
6825      11.095         1.65951046999       0.001625641025 
6826      11.128         1.66661813263       0.001630237327 
6827      11.088         1.77038300941       0.001624139446 
6828      11.131         1.6940599163        0.001630199179 
6829      11.094         1.68794668162       0.001624542392 
6830      11.085         1.68397594995       0.001622986822 
6831      11.114         1.70558025317       0.001626994583 
6832      11.081         1.65058747118       0.001621926229 
6833      10.994         1.72741541037       0.001608956534 
6834      11.123         1.66549422094       0.001627597307 
6835      11.114         1.75185730012       0.001626042428 
6836      11.104         1.61343856406       0.001624341720 
6837      11.101         1.60897451813       0.001623665350 
6838      11.045         1.77847547073       0.001615238373 
6839      11.087         1.78477757718       0.001621143442 
6840      11.097         1.65517098815       0.001622368421 
6841      11.036         1.68958693177       0.001613214442 
6842      10.892         1.87252129494       0.001591932183 
6843      11.111         1.66813638531       0.001623703054 
6844      11.043         1.73641901625       0.001613530099 
6845      11.081         1.7223353332        0.001618845872 
6846      11.139         1.64793173402       0.001627081507 
6847      11.024         1.69039167059       0.001610048196 
6848      11.052         1.68323973337       0.001613901869 
6849      10.954         1.71577504353       0.001599357570 
6850      11.048         1.75034168093       0.001612846715 
6851      11.064         1.69525927221       0.001614946723 
6852      11.085         1.78038619406       0.001617775831 
6853      11.043         1.77908712547       0.001611411060 
6854      11.117         1.75308613593       0.001621972570 
6855      11.113         1.72111330249       0.001621152443 
6856      11.077         1.74042264982       0.001615665110 
6857      11.061         1.75820334433       0.001613096106 
6858      11.118         1.69472003588       0.001621172353 
6859      11.057         1.66245330761       0.001612042571 
6860      11.132         1.63418970747       0.001622740524 
6861      11.177         1.68750437036       0.001629062818 
6862      11.201         1.60953378343       0.001632322937 
6863      11.116         1.76197162293       0.001619699839 
6864      11.15          1.75028569097       0.001624417249 
6865      11.059         1.75884024289       0.001610924981 
6866      11.079         1.64096282712       0.001613603262 
6867      11.158         1.60282126265       0.001624872579 
6868      11.055         1.71987644905       0.001609638905 
6869      11.041         1.69449668043       0.001607366428 
6870      11.01          1.80994475054       0.001602620087 
6871      11.02          1.78370401132       0.001603842235 
6872      11.052         1.69920451977       0.001608265424 
6873      11.037         1.67440467032       0.001605848974 
6874      11.11          1.71052623482       0.001616235088 
6875      11.043         1.87113628579       0.001606254545 
6876      11.125         1.63749045799       0.001617946480 
6877      11.161         1.67781971618       0.001622946052 
6878      11.068         1.69156022654       0.001609188717 
6879      10.987         1.75921317639       0.001597179822 
6880      11.132         1.70428166686       0.001618023255 
6881      10.93          1.75302595531       0.001588431913 
6882      11.095         1.64133329949       0.001612176692 
6883      11.088         1.73385581869       0.001610925468 
6884      11.086         1.71656750523       0.001610400929 
6885      11.07          1.67484327625       0.001607843137 
6886      11.005         1.71434389782       0.001598170200 
6887      10.967         1.84117109471       0.001592420502 
6888      11.074         1.71246138643       0.001607723577 
6889      11.034         1.65131583896       0.001601683843 
6890      11.149         1.65553586491       0.001618142235 
6891      11.031         1.73032915944       0.001600783630 
6892      11.078         1.71520144589       0.001607370864 
6893      11.087         1.67911613654       0.001608443348 
6894      11.126         1.6462454252        0.001613867130 
6895      11.102         1.70340717387       0.001610152284 
6896      11.195         1.5655590056        0.001623404872 
6897      11.079         1.59961214049       0.001606350587 
6898      11.094         1.69031476359       0.001608292258 
6899      11.078         1.69349224976       0.001605739962 
6900      11.132         1.67707364179       0.001613333333 
6901      11.202         1.61901080911       0.001623243008 
6902      11.07          1.68436931817       0.001603882932 
6903      11.229         1.50816411574       0.001626684050 
6904      11.097         1.67020687341       0.001607329084 
6905      11.021         1.74887363752       0.001596089790 
6906      11.072         1.74149820557       0.001603243556 
6907      11.065         1.71136641313       0.001601997973 
6908      10.969         1.81549965574       0.001587869137 
6909      11.058         1.70781614936       0.001600521059 
6910      11.104         1.66408653621       0.001606946454 
6911      11.012         1.76007272577       0.001593401823 
6912      11.102         1.74172213628       0.001606192129 
6913      11.07          1.7964130928        0.001601330825 
6914      11.091         1.70079951787       0.001604136534 
6915      11.146         1.7183375687        0.001611858279 
6916      11.027         1.68886677983       0.001594418739 
6917      11.076         1.71470813843       0.001601272227 
6918      11.04          1.71709056255       0.001595836947 
6919      11.117         1.5872337572        0.001606735077 
6920      11.041         1.77857218015       0.001595520231 
6921      11.086         1.72470403258       0.001601791648 
6922      11.169         1.66386267462       0.001613550996 
6923      11.151         1.65354135116       0.001610717896 
6924      11.069         1.70124630786       0.001598642403 
6925      11.017         1.73225604343       0.001590902527 
6926      11.092         1.72033020086       0.001601501588 
6927      11.083         1.71234079552       0.001599971127 
6928      11.094         1.64777547014       0.001601327944 
6929      11.065         1.76713751587       0.001596911531 
6930      11.128         1.68511601974       0.001605772005 
6931      11.152         1.66820142669       0.001609003029 
6932      11.096         1.72359624042       0.001600692440 
6933      11.096         1.76770585788       0.001600461560 
6934      11.046         1.67089317432       0.001593019901 
6935      11.056         1.81957797305       0.001594232155 
6936      11.1           1.67391756069       0.001600346020 
6937      11.086         1.6603023821        0.001598097160 
6938      11.097         1.67677994978       0.001599452291 
6939      11.061         1.74220521179       0.001594033722 
6940      10.948         1.80258037269       0.001577521613 
6941      11.131         1.66908328133       0.001603659415 
6942      11.104         1.64535224192       0.001599539037 
6943      11.037         1.77753509107       0.001589658648 
6944      11.144         1.63867751556       0.001604838709 
6945      11.111         1.75973833282       0.001599856011 
6946      11.152         1.60838303896       0.001605528361 
6947      11.094         1.6718743972        0.001596948323 
6948      11.125         1.78532209979       0.001601180195 
6949      11.204         1.65601449269       0.001612318319 
6950      11.108         1.71939989531       0.001598273381 
6951      11.147         1.75253844466       0.001603654150 
6952      11.057         1.60989161126       0.001590477560 
6953      11.134         1.70822832198       0.001601323169 
6954      11.152         1.62815724056       0.001603681334 
6955      11.113         1.67039845546       0.001597843278 
6956      11.168         1.57218828389       0.001605520414 
6957      11.112         1.67554647802       0.001597240189 
6958      11.137         1.64141128301       0.001600603621 
6959      11.183         1.738824603         0.001606983762 
6960      11.178         1.61068805173       0.001606034482 
6961      11.078         1.76632839529       0.001591438011 
6962      11.151         1.66258804278       0.001601694915 
6963      11.005         1.72249092886       0.001580496912 
6964      11.082         1.66771580313       0.001591326823 
6965      11.092         1.79709098267       0.001592534099 
6966      11.062         1.79113260257       0.001587998851 
6967      11.105         1.75213441265       0.001593942873 
6968      11.094         1.72428651911       0.001592135476 
6969      11.123         1.73892811812       0.001596068302 
6970      11.157         1.66383622992       0.001600717360 
6971      11.057         1.66425689123       0.001586142590 
6972      11.052         1.64781552366       0.001585197934 
6973      11.075         1.75823064471       0.001588269037 
6974      11.062         1.676948419         0.001586177229 
6975      10.981         1.79349909395       0.001574336917 
6976      11.126         1.66856944716       0.001594896788 
6977      11.145         1.71580156195       0.001597391428 
6978      11.151         1.7117824044        0.001598022355 
6979      11.144         1.68797630315       0.001596790371 
6980      11.057         1.7093130199        0.001584097421 
6981      11.19          1.61428002527       0.001602922217 
6982      11.154         1.65719160027       0.001597536522 
6983      11.116         1.67467728234       0.001591865960 
6984      11.052         1.73011444708       0.001582474226 
6985      11.048         1.73369432138       0.001581675017 
6986      11.043         1.74675441892       0.001580732894 
6987      11.095         1.76917353586       0.001587949048 
6988      10.924         1.79950659904       0.001563251287 
6989      11.074         1.69367175096       0.001584489912 
6990      11.129         1.64570926959       0.001592131616 
6991      11.148         1.72049295262       0.001594621656 
6992      11.168         1.67743136968       0.001597254004 
6993      11.204         1.58820149855       0.001602173602 
6994      11.097         1.63450022943       0.001586645696 
6995      11.109         1.69266623999       0.001588134381 
6996      11.07          1.73179098046       0.001582332761 
6997      11.174         1.61546402003       0.001596970130 
6998      11.115         1.74119929933       0.001588310945 
6999      11.071         1.73549963987       0.001581797399 
7000      11.129         1.72752973925       0.001589857142 
