503
1701
251
869
1166
1929
963
137
254
246
894
319
1905
1412
363
1860
1120
2024
1347
1312
1100
1612
1730
515
222
357
588
613
1771
313
1850
1329
752
38
51
298
507
1172
1642
411
1554
1007
1168
850
1420
821
2019
1155
1864
770
1855
1457
1654
1816
1364
569
693
590
8
997
968
1621
2005
1794
2033
418
929
1984
1360
1256
77
1368
429
1823
1694
1643
792
994
1523
474
435
712
1271
954
555
1072
94
508
84
1169
323
1557
610
200
843
1305
725
139
1717
593
284
1478
1405
1573
65
1586
1236
1832
413
1851
1862
1556
380
1829
818
1246
1444
463
1657
577
1359
448
680
268
887
233
1295
1142
1852
521
2015
571
1752
757
863
447
1279
1579
295
921
440
1821
858
1286
975
1662
316
773
1299
1766
1569
1217
1452
178
1779
1526
1649
719
735
122
659
556
2022
1720
262
1963
736
1620
1179
248
817
1506
1605
12
1423
1018
520
1105
326
944
960
1734
14
1248
1747
1259
361
1602
1145
1044
675
948
510
158
881
1056
1062
431
1121
219
967
1922
1411
1051
1276
157
1712
500
343
32
509
1446
1311
1408
612
1967
961
30
259
402
1615
865
91
972
683
749
174
291
1167
1402
1958
1283
1445
633
1293
320
382
455
860
1565
1315
1535
1774
1999
300
623
1429
66
1581
739
1976
1678
1763
1767
1210
619
640
129
1959
1584
532
292
524
713
584
615
336
1432
1699
33
1086
1971
1639
149
1941
718
1806
461
1373
454
1265
731
1272
768
810
1677
910
148
673
1547
1947
1481
2026
533
1381
1319
936
17
836
1917
531
1366
485
1436
104
456
1921
1624
601
387
160
1138
628
764
906
35
876
1201
1020
1307
1949
1544
537
2016
1449
840
1653
1239
1578
886
1726
574
523
990
1428
1159
516
547
1176
351
1460
778
1165
289
595
978
446
421
1238
1249
389
302
1866
565
1306
953
1891
1890
364
1623
811
1430
696
40
877
777
1528
1792
494
636
13
909
644
1943
1503
55
1549
787
824
639
408
1874
505
776
1215
212
1153
1309
1461
934
763
359
1039
49
1948
700
332
940
1593
62
1515
589
915
870
1626
930
2014
172
753
1484
331
1045
1644
1499
525
607
1427
393
1681
288
1536
1367
1375
314
880
90
386
198
864
2030
1
1722
1482
1858
341
993
1228
1054
563
1488
609
1274
1401
286
481
976
1964
1240
511
1561
924
27
1524
437
1645
153
19
189
1032
1658
1207
641
676
1433
1775
1609
812
1143
253
1594
1513
1575
957
1985
925
1006
466
1177
410
834
369
833
820
403
529
70
1861
1495
1183
1607
1993
1731
785
831
1119
726
345
238
1888
1634
297
1989
775
1945
1604
1633
891
1892
451
1252
1266
806
1450
982
730
1063
1052
95
1719
1742
621
951
1871
1385
1229
952
1440
388
98
362
672
1537
1345
874
229
1313
264
1131
135
59
1251
207
309
1001
1474
956
276
458
142
383
1247
266
635
71
1040
1990
204
1782
685
1389
1933
1151
1026
206
1193
1068
848
1711
353
703
903
427
1930
2001
1903
480
756
767
88
1269
1538
1560
1532
605
669
1438
932
270
534
128
22
385
1856
558
1897
490
1021
857
1417
1812
1070
356
1992
1589
1875
498
949
1522
1927
599
1002
1137
230
1904
321
2003
1725
1981
733
257
1325
1164
218
169
220
1576
1459
911
1595
1398
1889
729
844
1087
1125
873
1688
1090
1512
1755
278
96
162
214
697
913
1960
926
1462
1737
1344
141
1374
26
1912
195
627
1384
1061
113
859
457
1016
1879
809
1836
1765
1074
1296
470
1103
1608
829
102
1170
1931
506
1769
1729
1089
293
882
1175
43
1822
1696
365
1880
996
1102
1938
138
522
691
1723
598
1519
1419
2000
579
44
1150
1076
1355
333
789
265
1683
1574
1110
716
1606
779
568
660
398
1707
1777
1804
823
404
1477
1966
1046
1835
535
1009
1942
2025
1426
832
1788
1302
4
296
1332
517
1839
1686
1400
1378
263
73
477
746
825
422
294
334
1173
1572
1704
379
1493
1884
25
643
1318
2009
629
931
1154
375
1233
1902
1136
1343
1894
1970
1288
307
670
851
580
1285
406
1965
80
701
465
1067
594
734
103
1539
664
1868
1496
1192
1675
679
6
1326
114
1058
1122
1509
666
861
602
1377
83
1924
1746
1358
1346
608
472
1396
1647
1533
995
1390
1473
315
919
1689
416
424
1222
1409
1881
1727
977
1826
231
192
1659
1706
597
1501
583
1847
1188
1795
1130
467
63
1303
1896
68
1424
177
240
1914
1676
45
1237
842
681
1923
322
159
127
1616
1091
131
1216
478
966
1082
2017
1498
797
1083
486
11
1998
1012
2011
1824
1055
1592
496
835
896
898
1161
469
698
225
384
1392
306
37
561
587
1975
1108
1648
117
99
1692
878
1448
802
649
1028
1126
979
1542
339
717
632
1356
2028
1317
1353
1470
1640
904
606
1908
208
771
546
581
1827
657
325
350
1671
879
550
1588
1341
133
61
419
652
1994
732
151
1983
658
1117
1301
1174
1918
1370
74
1275
118
277
674
895
482
106
52
671
714
108
199
1109
1587
273
1005
430
407
781
540
147
1750
892
1546
1147
648
100
1865
1380
1716
1773
355
415
176
1531
1494
85
1243
20
1887
1558
964
937
794
1878
907
1749
626
1863
1670
166
399
875
1085
303
64
513
1783
305
405
1781
487
1180
5
750
1292
213
50
1570
724
1139
852
426
318
1024
1362
1936
2046
761
1372
1160
304
917
1873
1123
223
1479
854
190
988
1043
1097
927
1227
476
838
2021
1909
1853
1566
1031
1585
1802
740
1525
1907
42
1898
86
1590
1631
1518
1800
528
862
548
1893
1205
512
1872
201
709
690
916
1064
368
1023
1349
939
1178
164
89
1543
1925
1453
317
1818
1517
75
1811
912
799
48
168
1425
772
1465
1298
29
945
983
1270
116
152
1454
1805
630
1632
1140
1849
1224
1951
2010
244
1383
1492
1034
715
868
1186
211
1700
1784
1995
1357
1768
642
1112
885
371
923
69
1913
1555
2034
1212
1451
1674
491
710
360
1622
958
1443
1200
460
1915
173
1630
1149
156
783
1582
1740
765
1050
946
46
453
136
1204
442
1679
1553
1910
1027
1184
1075
950
2040
1134
282
1406
329
1693
462
1928
542
252
1338
656
586
1735
1393
150
471
600
1035
722
1241
971
2031
1219
1152
1667
769
692
795
678
1954
559
217
1843
111
1198
274
518
646
2045
1545
1337
541
23
346
1680
514
1231
1655
969
1232
1814
423
1786
694
695
807
1807
634
2038
624
796
942
1876
1733
497
1946
2042
1348
1244
39
888
163
1410
1038
1979
449
1911
760
1754
943
143
668
444
72
1937
2002
464
1084
227
663
327
1350
1690
354
1456
774
1660
441
1132
191
1652
974
1268
1284
170
495
1458
748
655
570
1502
1094
1955
236
488
1665
1242
1603
538
1986
1297
1899
578
271
813
1961
2029
489
566
617
1088
468
81
366
249
1225
661
564
1324
1308
1019
1551
1111
706
247
801
1490
1764
394
1416
1728
216
1250
445
637
1455
1218
260
1957
499
2044
438
1304
962
1434
883
1820
110
1289
269
1968
1534
980
1559
1106
124
76
798
585
2043
1194
1629
1235
1803
1776
1069
2035
374
1483
67
686
1211
1834
125
1363
221
1258
1732
1489
677
620
1762
187
575
1264
1635
1342
1397
1650
123
60
1718
2020
543
572
237
24
1663
1437
530
352
1739
1391
184
1263
689
16
41
299
751
1471
3
475
1037
1756
1209
502
539
616
889
1978
1096
1129
1029
1254
1744
2008
808
381
871
280
197
1376
1030
1157
1071
1920
519
1997
1568
171
1230
803
2037
1114
1334
1422
867
651
2007
1980
1335
2027
1504
720
1628
1486
1431
1466
984
1099
348
18
1682
837
1772
741
1757
1093
1476
744
1336
255
2023
1322
788
376
1646
527
1447
814
161
1041
1867
1809
1977
938
1261
1321
1548
918
9
1339
2047
1906
1262
234
855
245
830
737
1987
866
180
193
1316
397
1048
1664
105
1107
1611
1141
82
1974
1181
1541
1387
1973
1842
708
576
203
1442
1078
1191
662
1223
392
338
1837
653
1708
688
1189
1441
367
58
349
2004
614
145
1158
1529
1280
1328
1278
347
2012
1597
1505
828
228
226
1491
205
165
1213
1848
853
552
450
232
344
684
1956
902
1527
210
1636
1926
1563
1036
1514
1281
1255
1394
1614
1507
1291
1520
755
1709
826
1695
1101
53
900
1480
1511
396
1801
1619
120
1510
1435
287
493
1840
1022
261
711
544
1857
1870
1637
1600
483
2018
1798
1128
985
647
10
107
1148
1206
1859
1916
167
1053
1684
1185
1656
1382
1010
1330
738
1079
1399
436
1156
1900
1059
1113
1571
947
79
340
36
1521
1472
562
1715
1550
1320
1351
301
1049
328
941
1759
182
2036
239
272
1583
1810
1844
1025
1758
1698
955
665
1932
119
452
1724
1013
1885
1300
1014
1516
557
1741
126
1627
243
155
1564
1982
551
1940
705
849
1199
856
650
144
492
745
536
1778
1833
970
987
1414
1144
933
1115
1352
631
999
1004
1197
846
554
645
1596
743
1661
2039
1127
922
1969
420
1418
804
1705
395
311
526
109
723
21
439
1208
1838
1577
1226
1468
409
1540
146
175
1066
638
839
335
1651
459
1854
1118
235
391
1133
1796
31
791
1883
1672
54
267
1996
567
1743
7
847
560
1841
372
202
1751
115
1413
591
553
667
1845
1080
573
1668
702
57
1748
1323
965
1057
1789
780
377
1257
1808
1785
1828
704
603
1095
592
1666
101
1033
484
1831
433
1421
1060
1415
283
800
400
1310
1500
1202
479
1617
154
1736
1277
1403
1613
241
112
370
1738
1182
622
1790
1340
991
1972
815
1760
1042
1047
905
1745
1017
250
1669
140
1901
1991
1610
1395
179
330
1253
1934
1195
1813
1388
1944
625
1104
1895
766
337
1439
1697
1287
78
414
181
721
1950
1793
1714
1065
728
727
973
390
1475
2
786
1753
290
417
93
1497
981
928
242
782
618
130
1685
1267
312
256
1552
1988
1245
1598
893
97
742
1196
342
920
56
1294
186
1163
324
1819
687
1787
183
992
2013
1000
1124
1703
47
1369
890
897
28
682
132
899
1846
412
1591
2006
1098
279
1877
1464
1092
1939
908
1641
1791
1780
959
1221
121
816
707
275
310
1815
1146
549
1673
473
1869
793
1817
1073
1919
504
1162
401
87
989
1214
1379
1562
596
1220
819
1371
281
373
784
185
188
1273
1203
1469
1282
1290
1713
1333
827
308
1404
1702
604
747
1625
1260
1797
759
432
2032
1691
1467
1361
822
654
545
443
1008
582
1882
699
1463
872
1710
998
1234
1935
215
378
1618
1830
1962
790
884
1365
501
1599
901
1135
196
1952
1530
2041
1721
428
34
1638
1386
1770
358
986
762
1799
754
1015
134
1485
611
935
194
1003
1077
1187
1508
224
1886
1171
1567
1314
92
1011
1331
1601
805
434
1190
1407
15
1081
1580
425
209
258
2048
1327
1116
1487
758
841
845
1687
1354
1761
1953
914
285
1825
