2213
5539
5882
4394
5937
721
7188
4510
3974
2826
3074
4905
5044
727
6035
1039
4178
3917
2895
1467
5404
7030
7764
621
4791
7899
6326
2011
7855
5366
7168
3521
6693
8008
4550
6333
6924
3466
5216
7930
5620
6800
4238
3652
1832
3072
2724
1540
1453
6168
2833
3681
989
1040
3647
8119
3188
5145
1841
7209
704
7810
4809
4181
425
830
3555
3141
393
6469
5914
3193
960
1938
2723
2029
619
560
7787
1460
4154
2235
3311
3000
1178
2370
7178
2621
7078
5000
4619
7175
330
5968
7775
470
3259
3333
3609
2299
1603
341
2281
2638
87
19
2701
5122
4984
6679
3200
1310
5498
5324
5532
4682
4863
4641
7906
1370
2125
7516
4793
2518
5562
1415
5514
4816
2460
6084
6705
4421
5470
3792
4842
7368
3310
3161
5414
5177
3868
1311
7574
1010
3611
4187
8149
5934
5823
5580
3890
6808
1690
5603
6018
7287
5252
4982
6577
6039
4935
2520
6811
3787
5682
1056
5702
2941
5655
2236
7989
3777
4994
3720
5978
646
5328
3507
4250
1491
506
3711
6643
655
323
3267
7567
6057
5549
7092
1254
6827
1905
7471
801
6725
360
5269
3373
7225
5787
8094
3526
5835
6250
6093
4575
4053
1166
464
2075
7833
1293
1097
3948
2174
839
5988
5699
1044
4823
2920
4933
154
2889
6990
6657
987
6498
6670
5822
6054
2470
1553
2329
2900
7796
1213
525
4103
5628
5176
5550
3731
8013
2630
5852
6882
862
1301
6793
6994
7745
640
143
8158
5630
7583
4317
5155
5413
359
3540
3292
7793
5340
135
495
3274
730
1687
3621
6619
5560
5336
5038
4189
3443
6104
7948
1829
2162
7869
2711
2886
6507
2541
7624
2131
2524
3863
684
2906
3582
6722
3110
6845
1333
6183
5553
2141
1106
1993
974
1224
3480
8078
7834
3471
763
1286
7754
5709
6654
4532
4382
7613
4469
1658
6097
1538
3030
8150
2129
616
24
116
132
445
5685
7998
6701
2275
6137
1950
4435
6058
2305
2047
2189
5923
1471
6869
4811
7883
7699
2571
1750
5352
7636
1316
1070
7446
5089
4920
3529
1209
2306
5555
7659
7905
348
4153
7457
2014
8180
5573
1805
3150
299
2649
3729
5810
6041
5684
5357
8095
5799
1049
4314
6431
2032
1512
1121
5029
8143
356
7996
6624
3918
8074
1850
304
1008
2669
4738
2371
5534
157
6776
4968
2441
7573
6395
7081
1621
3382
2192
2351
3730
7852
6646
6241
7553
1839
4151
731
3662
2774
3739
4819
3758
2099
5446
1576
3213
3520
6801
5738
1041
3930
988
5901
7456
1972
6540
1852
20
7348
2528
3903
7908
3451
732
6460
3123
3668
7596
169
567
1851
7572
6237
6546
385
2081
4629
5842
336
4046
6302
5979
2261
4847
1859
6835
5203
5796
7316
3532
3818
76
4506
7841
2020
1701
7566
6527
8163
1600
7473
4576
6587
3028
3833
4556
4322
6066
5078
6247
7822
6150
4630
3808
2431
2672
3822
1958
7589
1343
4202
5183
6300
863
5395
5003
6335
1746
1382
3674
2569
6830
5681
3273
5128
7203
6535
2465
2293
2866
3210
485
6868
7089
6161
787
7373
759
4910
1141
5303
7658
8185
6629
6229
1649
4557
6288
607
3154
6421
2056
3617
5105
6336
358
4118
3638
4623
6795
5346
7681
3987
3051
847
5169
4661
8019
4031
4808
6746
2755
242
938
5479
3735
7378
3925
6850
5434
5013
5974
824
1862
2735
503
365
4512
2089
3254
1179
2442
7206
27
3646
2145
209
5877
6752
3805
2280
5115
7095
6080
5985
2489
3718
6103
1606
1947
6425
2115
3446
1409
3475
1280
6908
3043
2340
2894
1865
7011
1952
3939
533
482
581
7159
5127
6655
1713
4903
3734
4169
4926
3181
7749
5181
3102
2856
7466
3671
5626
3444
4452
1253
26
4009
2118
7687
7783
5232
2585
2007
5730
4204
2859
122
1601
2273
2939
7372
1248
2053
7238
3192
3265
8167
2408
2114
5204
5152
6611
8138
1574
4395
2727
5373
2742
6037
1418
6267
7916
2086
7978
4422
3633
3195
3590
1908
1830
1327
2979
6758
1413
8122
7570
1798
1769
4050
7248
5458
7585
4494
190
7696
1029
5889
3353
5747
2800
2379
2944
2080
438
7966
178
7839
4872
1845
915
6516
1944
7282
5533
1080
1920
4769
5198
6471
1671
2858
4871
1489
3726
4827
4646
1362
295
5813
4042
7682
3118
7766
4644
3228
4901
7198
5732
2241
2777
546
5136
7320
2670
3823
4171
4499
2823
6545
6889
6359
2970
5430
1587
6561
3393
210
5641
6658
1996
7155
3247
97
4896
2978
5544
4482
4027
2207
6414
3306
144
490
7340
970
8053
7111
5767
2459
1625
2151
2766
683
35
3511
7778
6637
3296
4071
364
5429
2369
7037
6038
6271
1753
5926
5688
141
1705
415
1473
942
3137
3741
6958
6295
6974
2555
3431
3384
2748
7044
5415
7759
5278
4989
3564
5969
2067
1867
4299
2710
2731
6897
1076
2309
1024
7482
289
7629
5918
5798
5382
3848
4438
1111
1090
292
7127
6969
8000
2065
2490
5189
1069
4039
2741
2319
6906
1665
7019
636
6263
2573
4753
3368
3314
7167
1195
600
3510
8189
249
3430
5608
4610
6822
3264
1989
3054
6145
6984
6557
6418
5772
7862
3826
6728
6440
2316
4267
2324
3497
3081
1172
5995
4601
8112
4725
4621
3811
5640
2212
3408
2240
5135
7367
6669
3037
202
2637
7096
4675
3295
3622
557
6820
6993
3700
5759
1907
6298
5334
2715
333
1939
1883
1961
6950
1085
1943
5548
7627
4593
5248
2553
7114
3240
3075
4918
3088
6234
6862
2121
5540
4697
2796
2692
5081
6965
402
7323
7568
4402
7451
67
4479
3712
379
5143
7635
3506
1864
4061
4235
2804
4925
5701
5873
7362
6089
3589
1668
7052
494
2244
7903
4668
6092
7293
8096
7381
2265
933
4751
2549
6689
1139
2006
3332
5837
18
2001
7790
6901
5442
7230
1407
6569
6714
734
2048
7758
4810
2322
928
2411
1176
4389
3560
5039
7876
1451
4054
6578
1497
886
2988
2153
4853
5144
7351
1246
391
2591
7223
7768
3880
3398
5067
6111
5077
796
5660
3127
1963
4858
6794
5033
6353
6797
1770
1190
7663
3262
7742
7947
3253
7545
1724
3695
1347
7582
1525
658
6428
2164
1660
5217
7816
2238
4800
5624
1383
5378
5330
206
8118
5015
1436
4096
2394
3487
1081
6979
5853
4451
3676
340
3035
1094
2586
3415
802
7619
5750
7771
7161
109
587
1546
5108
6171
632
4606
7283
2111
7189
729
992
7541
7176
5694
7843
6891
6690
7873
5427
4782
6409
3073
2271
5080
5795
6595
1840
4694
2624
790
2059
2367
5770
1526
4086
7827
5712
7630
4237
4680
1599
3770
7143
8028
7275
6972
6550
4094
7061
861
6720
4427
659
371
1306
2688
2233
1428
2119
1860
798
3275
4795
2414
5683
5051
603
7639
3907
411
4417
7284
8
1123
1966
6346
3614
2818
850
3101
8082
10
5513
4914
7377
3016
3914
2385
167
6843
1959
1309
5588
2108
6513
7169
6230
1894
6740
413
3911
7364
3063
7519
2704
4045
6754
7550
7107
6358
1786
6375
7877
6934
6396
7942
2776
3197
911
1045
5290
6910
3937
3020
6613
1614
1545
2253
7626
420
2972
2898
7187
7072
4343
5302
5096
922
1647
3600
4699
4843
1466
5557
3531
6968
2698
508
366
2245
6952
4657
2041
954
7809
3171
6030
4695
5768
1036
5504
804
5960
251
6831
1521
2491
1828
4569
173
6784
7937
6687
1968
1269
2683
1969
7933
8034
6985
719
2663
3206
3194
7769
5036
1092
5219
2467
2884
3270
2267
6923
6991
1708
6131
7304
7751
3692
4129
2163
8016
8030
2210
1788
7918
8157
6325
2531
436
4945
5386
7388
5962
3294
5225
4108
6829
5418
6117
8124
5565
6108
7587
7266
3667
6774
2302
1582
610
8140
6463
4097
2722
699
2455
1623
3092
4327
7093
4804
5790
2475
1609
3301
5227
3109
7584
5665
3179
4264
5050
2706
7098
7326
1723
2878
3875
1317
1568
3799
1785
6599
5103
5982
6240
7277
5932
6539
2366
1072
5468
2347
6009
2061
6942
3736
7805
5844
6274
6134
2137
6060
5006
3305
4763
2633
8145
6106
7820
2493
6465
6072
3603
1635
4057
2762
4674
7210
1193
7760
3224
4732
5480
1200
2995
2396
4775
4966
5
2602
7246
2568
7486
5639
6318
1563
5370
6296
8089
1648
3610
3670
6645
6902
2314
1897
2183
681
5416
3103
5422
748
4723
6387
4599
4136
2640
3412
3476
3771
8062
2361
5315
1960
5163
1502
5196
7265
3637
4780
2788
1053
1001
1082
7242
1157
1657
4907
3344
4545
2517
521
6113
296
817
5495
3765
3660
235
2612
2434
7087
3800
1234
5214
6438
690
1577
2557
3011
3929
6737
457
1571
3021
277
2101
7551
6857
6391
7108
6505
7301
2243
5661
168
7878
7967
1426
6485
5527
279
1741
6354
7628
1885
1761
3449
5519
38
7085
7311
1531
4209
6937
5213
3703
4077
5097
5755
2179
6668
3040
638
1145
6680
5617
7136
7224
2474
4692
7426
1326
2508
3180
849
6357
3055
2248
2980
6837
7960
3009
7946
1715
5693
4919
6832
7601
6959
4759
5018
2560
5022
2905
979
6521
6767
4622
6417
691
4585
7994
762
2595
3313
6581
1110
4724
711
2799
3559
4276
7705
6216
8001
2477
7668
7017
5777
7179
4000
7049
493
2938
1896
1558
2943
7824
5101
4588
1759
2221
6447
7465
3542
5341
5994
2618
2579
2483
7900
613
4240
3495
5723
4530
5014
6552
3327
6773
1669
995
6973
4649
2962
2228
6688
1847
578
2456
6049
7709
5856
7035
7832
2769
444
3208
4159
534
4076
4130
6411
6622
7889
7664
8168
5607
3015
4664
3155
2689
8135
4908
6662
8055
1550
4937
3298
4041
3046
5375
2567
5100
7405
165
2667
89
4465
1719
2258
7434
4729
7815
2356
3345
7894
3593
4756
5095
774
244
7393
7120
6430
6123
867
1933
1198
1572
72
5512
6608
5748
6884
101
1697
7874
6167
7575
2358
7789
1949
605
535
5037
5310
4570
2166
6553
2149
4742
6159
4932
5875
3957
5691
1058
3604
5350
5109
3215
4330
8123
2922
3625
5079
7544
5980
3768
6073
7979
5002
7082
3636
6978
1997
4688
4243
2077
3076
496
4450
66
6266
3248
6819
4003
4860
549
8091
2485
550
8146
5696
5744
7667
4883
2135
3722
5951
5657
3922
4091
3988
7088
337
2635
7467
2668
5087
2373
8192
6745
1729
3572
4767
6987
1191
8066
2469
6017
2836
2754
3309
4806
1027
4286
614
4166
1259
3565
5784
1515
1517
5475
6865
630
7132
6563
4783
1458
3998
6285
4354
718
1988
4010
3498
3630
100
5508
7436
1745
3492
8048
1650
7656
3581
7522
4174
7346
4625
2992
1781
7192
1356
6846
7297
1842
4281
7375
7898
4393
6517
6807
4490
5349
7846
7461
7828
8056
2868
5669
3707
2656
6320
2822
2357
7542
1957
5594
7964
437
5867
1449
5276
5806
6788
1308
1819
4710
7406
5484
1063
163
7315
6348
7374
5739
4548
4102
834
6024
6190
6802
6109
6580
5041
2279
4579
5774
6224
677
2592
1823
675
6028
5638
3061
3639
1778
4879
6861
6068
6903
2407
846
3464
3645
344
140
5106
6625
3225
7397
2968
1760
7160
5353
6007
5847
3002
6653
3644
2803
2422
4946
1888
2869
4677
2468
6029
1810
7073
155
2825
1084
672
7337
5485
6583
3390
7191
4762
4283
4929
706
5421
238
2608
376
6180
6799
6839
4296
6052
2622
5208
6
4754
4833
7253
3170
474
1201
7858
5129
4958
2736
3924
6365
2867
4316
1344
4731
4615
4414
6148
4634
3615
6112
5223
3077
4338
331
5855
1539
7732
6944
5586
5814
3087
2914
3552
1134
4529
832
1154
5150
3058
4184
2582
5849
6940
456
1456
3460
1718
2940
4821
7076
5493
3339
1783
2956
2447
4116
6370
7207
6821
936
5226
498
6188
926
7135
6127
4205
7593
3409
2106
1826
3421
7171
8070
6898
7472
1878
3677
4072
345
4975
2676
6448
3355
4324
919
3774
146
1500
7695
6027
3945
4306
529
2034
5983
2269
1677
2402
1868
5567
3263
3561
1801
2749
5403
4409
49
707
6116
6338
6885
5297
1197
1764
5915
2881
74
5523
6160
5151
1367
2313
6893
4671
6816
3121
1074
6652
3098
8025
7279
6867
7497
7483
2616
1420
5460
3251
7977
5794
5584
4109
1776
6220
5270
4517
3067
98
4862
7450
3229
1636
332
2294
7927
520
4403
1979
4222
7632
3871
450
2977
3697
6638
2927
744
7798
7029
2820
7433
1831
2191
4700
7690
2071
2909
45
2758
7156
1964
3187
4943
1575
1142
6043
7808
2580
5411
1171
5765
3649
5092
3648
7890
4965
2002
6648
2198
5690
556
5590
2965
4906
4263
4352
5237
158
459
3780
3845
3452
717
4410
4095
8088
4727
5389
575
3884
7557
2596
3947
767
6218
6616
3963
4607
3418
5158
7084
7480
2399
8117
4830
1794
6741
1291
7319
3325
2519
2530
623
7018
6422
7694
5631
5992
5970
5243
4366
6890
5600
3837
7956
7643
8098
5304
5008
441
1020
3954
6257
5793
788
6757
5138
6264
233
3691
701
8010
1130
5761
6742
6001
2550
3059
1684
5026
7701
1522
7046
6245
6739
6663
7871
6777
6501
5491
2454
5262
113
3743
6887
2487
4884
741
3809
7528
46
1096
1514
207
5692
750
6700
2401
966
1748
2652
4034
5547
794
5546
4113
4334
833
1985
1294
2097
3867
7094
5715
5140
626
1777
3231
945
6976
5673
7611
6427
1478
4446
6768
3243
2409
3936
5987
321
2364
4192
1619
6828
16
6323
4587
389
1795
2143
4524
5058
4253
3107
3304
3029
466
177
3328
4656
5704
1709
388
4609
757
4388
298
6709
803
2184
3744
5625
6579
1185
7146
4990
6564
5457
536
946
212
5884
3357
7712
5663
733
848
6558
1720
5209
6678
6812
5618
275
3343
965
4632
647
1167
2685
551
2674
6399
4740
688
8171
4273
4248
4600
2783
3900
3678
6351
959
6341
2046
435
4429
6585
5107
6076
2835
4249
4231
149
5593
7537
1506
1012
3323
7678
7811
674
4241
1299
7716
3070
1806
7897
8164
8128
4371
4837
6254
7807
4021
2545
8026
6178
3680
468
4
2942
3525
2639
7644
4597
3386
3196
7398
3065
7645
908
4087
6549
8136
2975
1980
3249
608
2542
6786
1345
6094
6547
2948
6989
5776
6025
611
3093
5697
5085
1547
4927
5526
2182
7782
6726
981
1237
5197
2607
3865
7737
7038
8182
7608
6031
6420
2218
3319
114
6472
7121
7202
887
63
2016
6328
502
4364
1404
1319
6698
2234
5199
5998
5294
5944
5339
4195
7079
6497
4915
1100
1332
5511
7014
4206
7746
4005
5871
2376
6384
5359
835
2746
6468
6270
7150
2721
6573
303
3512
553
2250
2737
1348
1678
5543
7697
1755
6383
2038
6639
6366
1534
1984
8125
6269
6772
2526
4467
6672
3280
3906
7417
4073
2290
2498
4147
3010
7303
1948
1325
1562
7258
5953
7881
1977
7950
204
968
5153
3085
7204
5864
4522
3968
8110
3802
2584
2801
4093
4270
4516
2206
3508
6174
3834
7739
1706
4069
5644
4149
8060
5028
3337
7439
4148
70
2471
6532
3724
1099
6597
6345
4210
1
5114
5043
7590
4168
3732
784
3813
3861
3242
3322
8063
1398
7763
2659
3767
1158
2561
430
1016
15
855
1661
6926
5407
7598
510
6186
961
1508
1374
6674
7974
3753
2446
6749
7149
182
259
2172
192
2611
3362
2963
355
6487
3962
7410
3913
7151
2417
1402
853
5652
5935
6500
1929
311
6368
4025
635
3186
7182
6100
3250
4660
4733
6253
5722
246
23
3363
4848
6149
4563
4608
3256
3485
234
2899
377
2990
2169
1565
6998
5073
6154
1873
6088
7194
278
6490
2780
6956
6467
1391
4856
6932
3420
454
2204
6565
3007
1965
643
5157
3226
3022
2694
6163
2984
2421
1751
384
669
7506
394
61
423
5807
4047
5762
3459
6736
2606
6475
7886
5700
8044
3548
6242
1250
5179
59
4741
5265
7102
5327
7409
1813
4500
5332
6235
6118
6499
7291
180
329
335
781
421
6692
2060
7564
327
736
753
3324
2405
3214
7133
1849
3996
3993
1089
133
4349
7370
260
1722
7359
6665
214
5374
6769
7932
499
4332
1913
4043
7403
65
2957
2720
6228
4279
1115
1487
676
1360
1242
8057
4861
4844
3245
7141
3830
4476
1017
8037
4229
5348
531
3888
5355
4591
3990
4090
4774
5200
2849
7505
3847
7221
7757
7241
5309
7607
3008
1523
463
2673
6473
3613
7911
5287
5035
47
7603
2286
1194
208
7677
2079
219
539
1359
1673
6518
4868
497
5111
873
5569
5306
1389
1338
1626
2488
6189
4347
5578
4477
5742
7344
3754
3750
5563
4572
596
7647
2761
5707
2453
4138
1437
262
5757
3977
836
5305
4501
6042
5356
1848
3601
594
263
4752
4771
3856
597
5301
5815
3820
3816
4464
4092
6775
7307
5825
4614
5766
7887
2195
6436
6307
1216
7425
6177
1892
1351
4604
5042
633
3134
6841
108
3257
1423
964
5055
4845
5433
7777
3329
1627
172
6282
6208
4070
7366
898
1674
4331
3686
106
3371
7896
501
5874
3764
3632
8151
4789
6105
2771
137
3297
5202
609
4520
6982
2797
3025
5645
6842
5621
4971
4938
7492
6666
5868
6986
2186
7342
7063
973
8101
282
2216
5843
6292
4831
4372
5577
6308
6279
2136
2702
1003
300
692
2576
5471
3396
1655
7452
3354
6255
6621
2259
2562
90
6560
3083
4066
6992
2330
2953
1050
110
111
3402
2925
5139
3503
4509
3840
4434
6763
7027
1589
1559
6723
5193
4507
2362
1067
7752
6673
4988
2387
5771
3749
2109
2974
5275
7859
8181
686
104
6198
3359
1496
1372
1700
3694
7112
50
1757
4571
593
967
2816
3965
2311
3442
5827
1455
1129
7988
5185
1652
2599
6458
477
2687
7830
127
4947
6297
4887
2981
4521
3755
4311
8058
328
3366
5428
6520
4864
3627
4139
222
541
215
4770
3113
7586
6970
255
147
6305
2707
1639
2838
7804
576
1335
4980
1091
2842
7449
5426
5530
4885
3661
797
1493
7428
1503
7269
2044
3160
6529
4145
3794
4567
7685
3269
5717
6492
2753
7653
3785
6594
1156
5851
4040
3183
7661
3872
2850
7562
5448
3727
3973
4552
6372
4173
1060
1271
1634
6642
7
5503
4211
2181
6503
3096
3976
5490
1594
3477
4304
5629
2122
4497
7166
7244
7199
2904
5818
3806
3441
3873
6063
4134
8003
6287
8132
6352
1518
7540
2084
339
1567
8090
5792
7885
7042
7538
8179
5894
5445
1588
6446
30
3372
5396
7992
2353
4401
7487
5743
226
1075
3395
4749
4498
4669
895
194
4514
81
1452
176
6751
5333
5024
2134
5001
4959
4163
5756
7334
6078
7800
272
3586
5467
6445
7563
4540
5528
6378
1103
6938
857
1023
1011
4353
4280
7845
1066
4407
4647
4663
2423
188
2410
3577
4017
3752
5071
2476
5860
1688
6206
3433
825
561
2348
1346
7290
3796
1051
3435
1962
3909
6179
5298
7086
1140
5121
280
1511
3261
3165
907
2009
3406
1019
7103
2390
1791
7936
1057
2268
401
6401
5296
1725
2187
6743
1536
7517
3244
2472
2960
4702
6623
3204
1218
3772
4179
4678
2165
1105
2684
1555
3905
5178
2444
6848
4378
4973
725
2954
2430
8046
4931
380
3717
7504
4170
1954
3786
5074
2516
615
1366
5402
698
4991
2451
5159
7170
4194
6604
6605
4197
3935
1707
671
5342
654
6855
4902
714
7951
3679
3429
1260
5289
6129
4492
4696
5605
6888
6051
410
2030
5753
7033
4216
6286
2653
2897
7707
4436
6945
7826
320
3482
1976
5675
2600
6916
4049
1495
6444
5368
3255
2539
7648
432
6461
2449
3869
3733
1149
3912
1766
8152
5361
668
2154
5933
1281
7872
4162
7831
8154
4110
8133
8174
1909
1349
1679
5809
7463
1304
3825
3276
8081
4167
2276
7605
8076
713
7227
6734
1551
3940
526
2255
2817
6095
5670
6617
7772
5047
7864
2416
5160
7130
2300
5065
3369
5381
6941
6344
3558
3422
4193
4385
7412
3862
1507
7338
7031
3879
5721
6023
588
5830
347
5168
2828
3751
2548
3394
2078
2177
3211
2501
3719
3669
7740
3814
1245
4432
4917
1220
6588
3221
6731
6601
1133
7308
2021
2159
7239
2152
7023
7250
884
54
3349
1561
250
3975
7091
95
266
5650
1803
7577
170
1410
3829
5229
3271
6523
4852
7016
4445
5782
512
6040
3983
1871
7328
2452
7245
755
5674
2481
7317
4515
7698
7432
3434
7527
3484
6213
6283
2865
7762
4444
1385
7201
2185
1880
4706
4890
1505
6314
2090
5113
4531
3145
475
2359
5285
5142
2126
7110
2208
5659
3853
2457
6454
2871
6342
4544
2973
5425
1583
3288
6703
4781
4196
2626
1342
7231
5093
1284
4874
3986
3499
4190
1445
6780
6650
4284
374
5379
2678
6954
6744
4396
7034
7318
3927
2646
3131
8093
3689
4794
5510
6010
1784
4978
7565
602
4036
7363
7499
4882
2679
3491
6836
1307
5698
831
7335
977
4496
2180
2993
7673
827
6200
3239
367
7720
4681
44
4645
6096
4584
2570
6525
6191
554
5477
896
6988
7797
7520
7529
3493
2148
893
6459
6634
6169
3316
3126
4227
894
6135
3995
7666
7641
2458
7724
7711
3115
1736
1444
2397
1664
667
5154
6210
3654
939
7770
3574
950
2581
6114
6232
120
4360
2714
6833
6526
5817
4257
3793
2112
5576
3212
7217
4013
1303
6020
7662
5892
4405
2827
5134
1596
7005
583
5210
7676
695
1202
4356
6143
3901
649
4441
6012
373
2671
5863
2464
3338
4977
8131
4502
6166
3272
4030
5260
3286
819
2558
1095
7041
4430
7991
4528
5727
5195
4518
7655
2415
3282
8038
3541
4662
6124
6197
7837
7252
5235
3078
2157
2332
972
7888
6682
4242
7853
1028
6033
2554
1737
6152
3591
4079
4341
7650
6310
274
7940
4058
3543
1773
7407
3136
5148
1930
6531
7617
1257
5812
2277
2947
3534
7984
3027
1461
4089
5281
5900
4654
6065
1771
1365
6804
3293
628
4468
7131
4321
5535
6032
5520
6121
4143
4471
6930
3527
6931
6062
1289
201
5019
511
6195
446
7208
1622
1361
3855
7708
7251
7753
5938
5986
6630
3033
1731
6824
875
7058
3803
4653
5786
2857
2935
5668
795
2398
3599
6721
5266
2494
3057
5410
2285
3908
653
2945
975
8042
3687
1305
6386
4355
3066
1378
8050
5141
7419
7069
419
1180
1013
4735
3140
3407
6249
3069
1386
1113
8137
644
2515
2127
6592
1815
5387
7684
728
5338
7262
7761
4018
3874
3379
6412
4481
4798
6879
6275
1618
7447
2217
6534
5012
6110
689
7236
5124
5358
7376
3191
3004
1999
7117
7689
1261
712
3119
4051
8014
4618
6006
357
851
5949
1102
3032
1173
7980
2989
6810
2298
1646
2791
3220
4886
3748
3815
5447
5679
102
7495
516
4480
4635
6450
6791
6221
7795
4411
8156
4023
5032
7552
1376
4150
3152
1170
5990
3483
6929
6202
7411
2144
6128
6996
6589
6883
7429
4326
2729
1087
3470
261
3380
1991
5811
4142
805
4038
3904
484
3014
5848
2082
4859
709
6404
1872
48
2682
6070
648
5589
5017
7137
139
3388
5592
2337
2349
1992
5808
7532
6878
4390
2015
7484
2745
1208
737
5206
5246
3468
3024
2426
8075
789
6248
487
5604
2466
3896
6778
6781
1236
7634
821
5587
1015
448
3812
4124
7710
486
434
3886
3804
392
7669
3147
2811
9
4420
4218
5619
1710
6055
5295
6225
1787
7300
7863
2343
1439
5056
5187
39
1137
6880
7345
5972
2536
6482
4247
8175
3289
5326
1844
7352
3831
509
1799
1717
6211
666
285
6607
3642
5224
3198
225
1077
4236
6261
4713
2304
1408
650
5408
5671
7500
3556
1941
1116
7158
5424
1287
414
42
440
7925
5922
5367
6077
1504
4687
8006
7295
6360
1375
6369
3819
5259
1711
4004
4275
2534
1392
334
7945
4346
6272
5272
5816
375
6304
6995
7791
6374
7660
1675
1812
4801
2133
5838
4101
3091
1569
3335
3376
2484
6935
944
4580
130
4375
5780
2335
1276
5271
1651
4643
6380
1620
3358
2903
6233
1774
5745
4805
7767
7414
6019
2223
2384
7688
6332
6142
2069
1117
3761
243
7475
3588
6050
3018
1450
5976
5156
6496
4786
2389
7032
1734
6406
1721
530
8007
1581
807
5320
6755
6059
8002
1203
1983
2435
1754
1438
2424
471
2986
2854
6435
312
1630
1689
3410
3623
8086
860
6280
5494
1490
2439
117
1640
6877
3428
2930
3981
1728
559
6575
7437
1101
2705
6363
6098
3760
4357
1981
5801
6859
3801
6854
5076
1691
4513
566
2752
2264
8130
2428
2341
6432
174
4996
1477
301
1302
3130
3320
6554
8043
3234
7615
947
6236
4564
4799
3688
241
1714
2375
4439
5201
4075
150
923
7025
3068
2933
3849
1557
3969
7211
4734
6748
2284
1014
6214
4442
4892
4760
562
353
8005
2615
7280
1946
2789
460
3114
1975
2282
3824
743
7070
3841
6667
3139
4560
1479
128
4716
7718
6928
4814
3112
5909
3943
3312
552
4869
4112
4232
2050
5449
4986
4784
6783
352
7015
4064
186
2
7427
1680
6913
5469
3549
3260
1446
3346
3489
342
5574
1431
7706
3941
7336
5729
6785
5505
1354
766
6870
7591
2094
4127
4503
4633
5832
4365
7488
229
2327
162
1177
8183
5616
6574
51
1263
1021
6184
7056
537
422
997
7578
6694
2500
2532
7119
3237
5571
5981
3350
6415
6635
7675
7172
7154
937
532
31
3175
8178
5895
1544
1532
476
4865
4214
4736
488
4720
1435
514
4873
7454
6312
629
1747
2232
670
7503
4551
3445
4269
5053
7926
7260
6683
2902
6064
1328
1644
4132
829
2511
3209
4787
1064
7420
7164
3938
948
3279
7416
4400
2785
3979
4773
7865
3401
4413
3959
5965
810
4449
2892
6957
3795
6609
6284
2527
7313
6533
4825
5907
6082
7413
2923
1000
3891
4406
2031
5664
6192
1804
723
458
4605
7794
7604
7982
32
343
6671
6980
1978
7066
7099
1005
2318
5280
28
8169
4534
5996
2036
1380
6115
2392
7329
1468
4239
6136
7387
5957
7408
4626
5789
1211
1835
2717
5515
6158
3766
3047
3568
1696
6806
3481
2617
641
2798
1519
7730
2263
4698
2028
5575
631
6747
5821
2885
4559
7530
5725
6172
5401
2751
1244
82
3580
2102
5399
4491
1602
5132
7243
256
931
2132
1219
2750
6493
2786
5061
4067
822
4581
3923
590
7357
5365
1520
6181
5419
7928
8032
6246
500
1732
7343
5802
1742
294
5898
232
4217
2738
2342
1381
8012
3566
338
7910
7396
2270
1233
4180
6551
4301
1695
4369
4115
115
4440
6899
6999
3205
3454
845
4056
5633
386
5034
6696
5869
2985
75
3490
6424
7286
3474
69
7672
8177
1322
6122
3932
3142
3365
2514
876
761
7333
7292
7100
3619
4676
4415
5997
957
4119
4128
455
634
1273
3885
2719
6508
3992
5057
6770
306
2851
4953
3631
62
2052
2855
3569
7355
4318
2834
5509
5930
4768
5062
2610
2345
6771
7571
2103
1573
4766
6067
7941
4705
5648
5959
7270
205
5656
5653
544
3111
3684
2543
4377
952
7857
6349
2039
7606
2506
4822
7904
5088
4161
5263
7734
7652
7860
5559
55
2150
2113
5551
7157
6138
680
6946
5861
1585
6691
4426
584
5251
7356
7186
678
1470
888
7835
7803
3949
481
7792
1119
5068
3116
6120
871
5993
6789
240
4739
1032
7128
4930
6760
4404
792
2594
3629
5950
7013
7970
5431
1047
519
324
4068
1821
3488
2643
7955
1927
1809
7507
3607
8172
7651
6102
2647
4160
83
8126
6905
5834
6960
2843
8176
3416
6477
5316
1612
990
5632
7105
94
978
5194
2432
6156
2229
6582
7021
1033
14
6659
1352
4379
5542
4636
3704
5537
3715
7404
3944
1902
4969
5920
6964
4140
837
4244
6048
7825
1955
5299
6925
1758
64
3857
3657
268
6205
5164
3595
4992
4921
7813
4857
370
5858
1138
1414
7442
4603
7922
1945
2540
7895
8059
2386
3713
746
3606
197
4504
6256
1371
7674
1184
2072
5173
3663
8018
6141
1595
1990
3956
998
5072
765
302
5218
7631
3079
7969
4100
1275
1405
3299
6278
1411
5191
7847
3721
2996
4156
2765
5525
41
7274
2696
1638
7273
11
2739
3958
7646
119
1808
1653
5893
4612
1018
3117
3920
6293
1296
7727
5011
4866
7748
1752
2308
6331
7799
4033
5642
842
449
2808
507
4191
7891
2708
6542
4826
7597
2336
5885
2768
7665
6317
1570
1107
1397
1429
7543
6961
1042
2538
5317
6442
3457
4888
2381
5313
8106
7848
799
286
6132
7080
2747
4454
7116
2344
4228
5775
3436
1214
840
5174
6439
7215
368
284
7781
8073
1615
5257
7460
3370
4898
3910
5876
1694
1642
1699
5286
2197
897
1807
7458
2262
4060
8024
6238
4335
7534
8069
5714
3523
1337
872
4536
4199
1093
5903
3315
4291
627
3746
6615
793
4554
5385
5123
5231
193
3266
6309
7004
1818
195
4672
4637
7717
1970
1921
4290
5059
5091
1181
4133
4797
1586
2083
4106
4894
7050
3277
7115
297
7844
5131
1109
21
4344
3836
3218
878
2158
7068
2937
1916
5274
7129
1685
1643
6762
8064
7535
5906
4807
6918
6593
2654
4555
6146
1323
3461
220
153
1793
6107
3950
1068
3757
3153
7090
2847
5496
7047
8170
5120
1986
2045
1442
864
4224
4416
7459
5783
1457
5752
6155
7036
4368
2583
3898
4012
5344
6708
283
6863
3341
3039
5820
5241
5314
8079
6695
5212
5828
7953
4478
2168
443
4666
3517
3044
6486
4107
7861
6548
236
5916
4701
5117
7547
5409
5146
6437
145
1811
6628
1144
7592
2697
4489
3387
5454
7380
5437
6476
7491
6620
3673
527
6441
6660
8061
917
1135
2504
7126
7000
8144
4175
3725
1394
1861
5958
1387
7389
2907
4840
4026
7722
270
3810
4670
1146
1994
5456
4722
3759
1355
4617
3
7640
3651
164
913
651
5649
5172
6631
1838
7306
2665
3985
2499
5207
2040
5436
1419
5258
776
185
7983
6413
6495
5518
4970
1922
5622
6356
2272
4384
6133
1004
1856
5758
3190
2911
1339
572
7621
369
8021
7051
5779
2620
811
6803
7866
1472
2138
4459
791
6953
3120
5522
6909
3893
8159
985
2603
1401
5180
708
5256
1358
2328
73
6044
2346
5658
8020
5924
5452
2677
3789
6947
6971
6402
4146
5746
5529
1492
4846
2307
1249
2274
1098
5030
3708
2559
5220
5400
5910
6814
6262
3013
2879
5465
6598
3584
5435
7379
1853
2661
4627
1424
4796
874
3017
1252
3902
5651
1078
2718
2098
2660
6223
4936
3860
1151
3716
6453
4718
6483
7560
6649
980
6684
3104
7443
2388
6917
2658
4829
6385
3352
7919
3462
7638
880
7993
203
1940
5376
4016
7118
1613
1341
3038
3397
2266
191
6410
1462
6911
1330
1026
1136
8087
3479
2055
5463
3723
3413
5558
1222
224
5582
7183
2025
2716
5443
1802
1128
6047
6022
3807
7939
5277
181
2730
2807
4912
1297
6290
752
5561
5908
2068
1744
4841
4313
6676
1936
1915
4278
5597
5487
2303
2317
5126
6602
3881
3933
6457
1268
2840
5331
1542
1837
7060
6231
538
5736
991
2631
1320
956
7064
6362
1971
1825
2227
589
5904
5007
1624
2139
6173
3597
4658
5946
6922
383
2636
2964
4785
4900
4303
3536
429
882
1756
1357
2819
6008
2590
2971
1800
1822
4650
6966
7232
7218
4757
1288
2260
518
4126
5405
6217
4527
288
5440
6219
4020
3411
2613
5564
702
8103
3919
4176
5016
2795
7511
4259
6618
645
17
2821
1447
815
6157
7341
408
4082
4707
6541
1932
7259
7912
2614
231
693
3994
2331
971
5392
2035
6480
462
3405
5420
8153
542
3971
6164
3094
7670
7788
5388
4960
3419
3236
6977
5188
1566
3852
585
2934
6675
7999
4329
5282
2695
7786
7485
125
6393
5506
223
152
3045
3693
5897
5516
7083
3124
6571
1898
3202
2427
2931
7721
7691
3374
5031
3931
4963
1704
6840
92
6851
4779
5570
2054
1928
309
4956
3199
1161
3513
4981
924
3539
7237
5728
5720
3330
6481
4824
5881
7923
7548
269
3553
2874
2413
1421
3537
3001
3163
4979
4011
6193
3158
2535
8045
7493
161
4778
3535
1767
3690
5913
7554
2700
6881
7539
252
5654
1073
7498
7741
2433
1340
6664
870
6732
313
574
5086
4254
7299
8065
8120
2917
4083
7823
7196
84
3921
7965
7330
6034
6856
3928
1712
2026
2297
2969
4691
5591
7048
4293
1313
5917
6462
7305
5084
7523
2205
5862
3616
2577
1874
6686
6963
7113
6576
7024
2901
1917
7477
5826
1465
6738
4944
8097
3618
7067
3041
257
1416
6212
657
2092
6144
4215
927
1274
8041
1934
2657
5205
5238
2929
5819
2249
3162
1122
7637
1998
5020
5538
1659
4198
8029
1086
7256
1150
7152
4063
8109
6379
771
5004
2832
3643
7508
5942
4285
7642
2841
2529
469
129
2437
6656
4686
166
6252
264
2448
3817
6591
1973
5171
6299
5190
8092
7321
4961
4535
3258
3570
1189
5521
99
3502
7743
346
1552
4006
4538
4993
6056
5719
2338
7322
2339
3714
8035
2237
2873
3062
4899
7990
3835
4777
8067
1486
5329
1556
7045
1937
189
1681
5023
4260
745
5307
6400
2566
406
7371
2502
7309
1364
2734
4448
404
5192
2982
4325
710
5283
1843
5749
5098
7062
198
1995
7536
1580
2256
7008
5899
184
1265
4685
416
914
7513
5444
7350
4916
2512
134
1295
3797
6330
1579
2146
4105
5483
247
2691
4266
8031
4962
6075
7349
524
612
716
3403
764
4934
5312
4952
921
1363
1738
2203
2004
79
5450
4828
7985
6764
6544
3100
5964
1124
1501
4186
816
123
3361
3620
6504
126
5501
7165
7997
6515
86
2510
852
3791
2875
5048
4226
5064
7358
4711
6013
3308
7779
8085
604
1270
2918
6045
5636
6125
2575
6071
6367
606
1611
3414
5119
3870
6403
543
2966
4867
6647
5162
7733
291
5676
4418
2202
2023
2404
3364
7944
8107
2645
4084
5060
7040
1212
4639
569
3562
7836
2188
6201
2525
1221
4640
7973
5947
2085
2952
5149
1716
4007
1427
8134
925
5308
1131
2482
271
2377
6509
3238
5167
43
6397
2462
5472
4261
3889
5394
3573
7618
1893
4419
2648
4995
4817
7649
1782
999
5075
5288
6681
3268
3318
715
8071
6644
7981
4399
883
5602
7193
3594
2156
2829
4631
2230
8099
465
4923
3174
3658
5390
3516
780
4272
4704
6126
838
489
118
685
3666
1607
6306
696
2699
13
2764
1683
3892
1425
1480
4546
5228
7455
5497
351
3705
2589
2199
4172
1165
4574
2220
2312
1469
4998
5911
4586
7020
2226
7421
6337
4703
1533
7415
7272
3099
5321
1881
453
7875
7576
7464
2062
2987
4951
4849
5070
287
756
7247
6524
7961
8023
5398
71
6194
6196
6209
5234
3515
1890
8114
5242
3701
5319
7360
1598
2066
3400
2743
7949
5635
2008
3336
7006
2214
7943
5455
3290
505
1336
8155
5872
5322
290
7444
3946
40
2000
2915
2076
3685
700
3151
6130
7214
2794
6355
2196
4219
1204
8116
2200
5453
3439
1188
7731
4055
1443
6713
2160
6699
5999
1884
36
6519
1251
943
1143
1475
2147
2809
4533
7400
3334
418
7556
5595
4745
1912
1088
4265
6053
2983
2224
5133
378
426
4104
4433
6750
4200
3544
5800
754
2598
4911
2222
3486
8040
738
1605
1175
5878
4345
4351
267
2831
58
6900
555
2806
7602
6677
5161
7310
6514
4561
2372
6933
7402
2650
955
171
8017
1384
4367
7296
6894
1247
8104
1285
3437
5612
142
5634
7144
2815
4803
6162
806
3827
492
5585
4924
1891
4547
2418
1324
2420
1543
7174
4455
982
6371
6627
1513
1863
1481
1441
7616
5459
7289
7354
4909
6079
2378
3176
6086
6153
1278
6301
4746
3778
4220
1951
1641
3056
7514
2860
33
4282
7917
7294
1942
6858
396
1038
910
918
5441
2605
4483
1817
362
3970
6927
417
216
7501
5579
5797
5905
7713
2380
3747
994
6377
1118
1887
4460
4589
1315
7625
8049
5708
5927
3916
4813
2352
6478
405
5931
1645
3650
2908
3699
6765
5230
6464
68
6586
3587
253
7097
5383
4954
3545
5637
3090
5104
2853
4125
1298
1935
5735
2782
1604
8015
4122
2225
891
6340
5840
4412
949
1108
4287
2522
3851
4256
483
4048
3367
3317
4472
3991
5804
1667
3303
3776
1548
4289
7184
2073
7109
4044
6864
547
859
2479
5596
4638
5054
7476
7185
4424
951
3230
929
5439
4461
7177
5609
4508
5754
900
976
5833
4889
6712
5854
5977
2912
565
6753
6339
5896
7968
6455
3144
2461
769
5380
548
1229
3473
5687
7725
591
3184
6704
4595
427
5841
6636
2655
4748
7726
5046
4997
4380
1422
1160
1858
4834
661
7525
3783
5233
4135
6872
8129
3982
7057
3756
6434
4765
1772
4721
2211
7077
3375
3682
515
2629
1292
4511
6276
1875
4485
397
2846
6596
6844
4802
4715
409
1083
7512
5325
2374
3222
5966
2365
4022
37
6002
5963
7383
1633
5623
1877
5805
545
1114
7594
7774
2242
1321
3023
3608
461
2326
8165
4624
3897
7074
1379
5393
3440
3342
662
5741
3135
4832
7683
3122
4577
3514
5615
7755
8022
7954
814
4648
4001
2733
4772
3106
2391
217
7382
4941
3469
2999
6239
3832
3348
5466
7435
6530
3883
3427
245
3453
350
2523
2662
2393
2852
2057
5975
3031
6759
8187
2193
6484
5040
6373
5773
782
7145
2609
7518
6185
4613
2644
29
3182
2760
5879
573
363
1155
2824
3842
6026
2544
3592
1854
399
6227
2334
4878
1035
1592
3052
390
3223
7892
480
7235
4233
4207
2882
4323
5244
1230
3854
5678
3383
6204
6408
5545
2239
8121
56
4893
1796
2862
4972
3340
4940
2292
523
4431
4024
5890
1476
5919
1350
1043
6265
6074
1120
4342
7423
7180
6886
820
4583
6273
5887
4080
4651
6502
398
1597
540
3455
1560
2864
5063
7901
1459
1403
2876
3084
4277
6243
3050
800
726
5541
4114
3157
6376
4526
5952
6433
1199
665
3798
7234
5253
7384
7693
7448
6853
424
2961
2681
7957
2251
5137
2552
6949
6570
7776
7840
4028
7559
4305
7750
6081
856
7039
305
3557
3146
6733
6562
777
5737
3097
775
5112
1762
6289
3953
5973
1223
2003
6491
4221
656
5614
6825
3302
598
4182
3177
4117
315
325
828
5499
740
5166
7515
7747
5170
1164
7714
1637
1368
5902
4985
3167
160
986
1869
4684
8191
5666
8047
4074
237
5221
7963
1672
7422
5850
3978
2932
6083
1007
6697
2509
6962
7854
7147
4747
4462
4474
5726
5347
5991
8033
4408
4212
823
6313
2967
7929
6199
3235
6606
354
4519
2497
6860
1243
3628
3635
6419
6151
6389
293
5182
4525
2478
112
4835
2763
5859
5846
1549
5360
3702
6584
5247
6975
4230
3392
7431
5581
2507
5689
319
2450
5461
3432
1318
984
2848
6685
8147
3578
6321
4922
5261
2880
7821
2572
7773
5215
3426
4838
381
5473
7001
211
3168
6165
6834
6716
3951
4391
7806
3496
22
885
6779
1632
3605
1390
7104
7298
4620
2074
2877
6568
3347
2288
2278
8100
7692
6207
6555
3463
5866
4437
3745
1225
1228
4712
4340
3173
3585
3185
1726
5760
6069
858
8188
4201
7723
4383
4358
6967
8139
2619
2295
4361
826
1369
6021
5662
2784
843
2994
783
7686
3876
2301
317
1388
4315
3227
1931
7281
7756
2951
4085
2495
1608
5486
881
473
6735
1498
7842
2368
1210
6661
6798
5929
1025
5482
2178
6470
2924
6147
6343
4362
2830
1956
2425
4348
592
1743
3019
7729
904
3997
6392
6633
3071
2350
3217
4565
7390
5764
1052
1432
4913
7531
5956
6702
7010
4392
7339
3784
1048
3528
4949
1749
7468
599
2012
3640
1377
996
620
5734
4728
4573
8108
1255
6036
7702
4029
563
136
2537
2744
7976
1009
4537
3522
218
1982
6259
7441
4288
1953
2310
5488
6004
1430
8077
6718
3278
2254
4719
8105
6394
1205
4319
8148
4850
963
7780
4955
2813
3533
6512
3447
6567
3505
6559
7424
3737
2209
969
6398
4679
1846
2521
7829
7453
6919
5010
156
8084
4655
5323
2770
7850
1485
1876
2772
934
3769
6809
1277
1670
5710
3049
2703
1918
5939
276
818
6997
2320
1159
2756
1152
1482
1034
4014
4137
3385
2124
1329
1256
1870
5713
694
4397
962
6896
7489
2107
577
3788
958
7921
2713
1079
660
5090
2354
428
6322
3006
1906
3980
6327
5936
6258
3955
5781
7524
2019
2201
4755
4758
4423
7801
4602
4188
1797
4839
2049
5695
7680
3551
3178
7623
7909
1062
7879
3391
5536
2443
3554
1528
5706
175
779
5971
1656
2709
2597
4141
2563
2440
4667
5239
6347
7817
3626
227
3518
5606
7478
6416
2533
7856
6388
528
1272
7257
5945
5110
3728
7148
7914
4590
4562
6729
751
403
6528
2296
4942
6873
131
7802
1516
2837
6651
7228
187
7312
2051
5412
6600
5677
395
2247
4558
2419
52
2383
3129
2641
7633
3125
5462
7728
2037
6715
213
770
7205
5647
7882
2792
622
5264
3159
5831
5785
6451
7276
2712
1494
6641
4689
3934
5763
3060
4820
5335
3838
3381
2725
2781
5118
5941
53
2887
7657
5099
7819
1499
6817
3389
639
905
452
1564
1353
3034
3026
2883
7496
1022
3472
7715
6311
2814
4523
6875
3821
5343
3547
2252
2546
248
7200
4052
4078
1780
6849
5300
2888
953
1483
2194
1666
7971
4065
5384
221
7462
1186
307
7139
5870
2928
2759
6381
6011
3233
2291
412
5733
5880
5627
5836
6226
868
4891
3675
7219
6536
7952
1163
2793
4987
2556
7399
2463
6506
4165
6912
6474
6291
5883
4928
6782
2623
6920
3351
1464
4974
1434
318
2690
382
1440
2896
1406
4851
2480
5273
3138
3665
3424
3423
7261
679
983
1266
2913
7599
78
6319
7549
6603
1790
4456
7838
3899
2436
2634
8052
2919
7987
7264
6805
2959
4177
6730
1037
642
6724
1591
1006
4333
5364
1663
1061
4098
5291
4457
2215
239
1433
8141
2936
5829
3696
1262
4262
785
3291
6170
1535
4818
3740
3781
1768
2513
3864
5354
854
4373
3089
3166
809
4381
4428
664
5731
7521
735
387
2287
5165
4983
310
7220
1733
5049
1698
2861
8039
4308
200
2505
7959
1765
3356
6892
6612
1112
1879
6101
5464
747
4948
1192
7240
7028
2289
2955
1054
3360
5254
6711
3598
6874
1174
7003
3710
6818
5599
739
7931
316
4062
3989
941
5175
5940
8115
2043
1215
1827
5377
1046
673
265
7579
909
7735
5680
3287
1910
1169
5451
1183
2565
841
7395
3494
5921
3672
6981
1789
7365
5984
5839
7555
1196
2642
6983
6766
349
4877
2042
25
6005
4616
4310
5267
6294
3082
2740
930
3706
1162
3550
3894
2997
2161
7561
179
5318
4002
3448
3172
6277
4761
308
3307
3790
652
2438
2578
3284
5554
2863
3961
3563
1448
1279
88
2950
1824
7007
7233
1126
1836
5886
7785
2547
1654
6796
5857
4549
2382
6015
2070
4652
138
4111
3763
8068
2839
6090
3005
2778
4252
1314
7884
7386
3519
4251
3538
2726
5803
2998
4443
3858
2473
2010
7938
1541
2767
4203
5351
6382
5961
7394
4336
3283
7738
2321
2412
7814
5643
7222
1590
5703
5391
595
5423
7438
3232
3895
6046
7331
1206
1488
687
3246
4495
2812
568
2625
1866
3915
5492
4714
6405
6187
7324
491
2017
7043
8102
4337
5186
4339
2916
2675
3972
57
2120
749
1300
7255
2167
5236
4298
7134
2593
1412
5311
326
4035
2787
3509
890
4999
6429
4350
7510
1235
3967
2805
1855
3859
1240
4493
4144
6222
7494
3219
2176
4486
5372
3779
3709
7026
637
3878
6761
6489
5069
4737
6792
1217
7610
902
1889
3656
935
2406
2601
3133
6895
1153
5954
3086
5147
2100
372
4815
5718
758
6936
7181
5824
2091
2033
6943
3664
3450
7053
5524
1903
8036
5009
2315
7469
7124
5240
5363
4505
4628
5556
7902
5250
2870
768
4854
7123
7401
7502
6390
7509
5130
6251
617
4131
4812
7347
7958
7249
3576
4665
151
3216
3530
7288
3501
4776
3546
4157
3203
517
400
1900
6316
7671
2845
7106
7479
1147
6710
407
6281
6566
4596
3575
7972
6176
7445
4484
77
1055
2757
2574
3156
7934
6823
451
7285
7533
579
1264
624
7880
1578
4730
6014
1399
4295
5925
2686
4302
3053
6707
2949
7418
159
6426
2395
12
1484
5568
3999
5279
6244
5583
148
7212
6003
5045
6350
813
3189
4611
2429
2257
7190
1463
3500
5686
2891
6719
5572
1393
6260
6543
2088
3612
6756
433
3169
2810
742
3952
571
4541
4875
1886
2117
7065
6921
5888
7195
7526
199
5082
772
5989
6494
7002
1740
6522
3844
6119
3164
5027
7314
1616
3149
4374
601
2400
2087
5611
1686
5284
3964
2128
4164
7055
1763
903
439
7588
812
4225
940
2775
196
8011
3080
6790
2063
5672
570
4255
6203
1148
1692
4743
2893
1735
5406
4245
916
8009
4750
7392
4425
1187
3241
5432
7581
7353
844
5778
4292
6915
1239
920
4897
3850
1312
4309
3567
5102
314
6556
1030
7332
3012
4208
2551
6268
4015
105
1258
7140
1331
4223
3634
705
2246
3036
3064
504
431
2732
7975
1530
2496
6537
7913
5531
2283
281
5552
1002
4398
912
4328
4359
6449
4976
663
7719
5955
1857
7654
6479
5083
7765
3583
2588
6706
1283
7935
1693
2360
7054
6904
6361
4855
1168
932
8184
5667
7267
3132
586
5021
5222
4881
3828
2173
4088
2104
2325
4717
6572
2095
3602
5397
1396
447
4693
773
2005
7385
1727
3942
1974
2140
5478
3524
724
1527
5268
322
5052
5125
4152
2024
7125
3377
2773
6215
720
3467
877
808
228
1820
1833
1071
5337
1816
1395
5345
1529
7325
4019
4904
4870
7163
7138
5371
2693
7569
865
8162
4158
879
6087
7229
3926
2445
2116
3095
2991
7162
4475
5502
6717
3742
7907
1059
273
2587
4690
6510
7700
7622
8111
2355
6640
1231
3653
703
5610
5245
1510
1125
7009
124
1895
7254
4582
5646
4880
2018
2333
8080
869
6727
5751
4307
7558
4876
2564
7490
4294
1682
4387
4673
1238
722
6016
1132
4788
3326
5705
3425
5249
625
6538
3048
7614
3846
2110
7867
4542
2664
7620
7440
7612
3458
1702
1792
5601
1417
6488
7580
3843
1967
3596
6423
60
1629
1631
3128
7870
1031
6466
618
6140
4487
3378
522
2064
1814
3877
5292
5912
2175
1926
786
8142
6876
4895
4964
4836
5769
4121
5598
1182
4059
6955
6632
6948
4081
6590
8083
6329
2651
7197
1334
3683
3641
442
93
1901
5891
6852
2096
1400
1779
1241
2022
2190
7022
7268
1290
3866
1882
7812
5517
5716
3331
4598
5255
3775
4213
4744
3504
8072
6085
1282
85
4246
4363
4458
3984
7216
3404
3966
6407
8004
4790
7851
3108
3207
6787
3399
5967
2728
3465
8160
3252
4470
5417
2231
6907
3143
6334
5066
7142
3579
5489
1914
1127
1537
5724
1617
4967
2958
8173
7744
7893
3882
1593
6091
5928
7012
5474
6847
582
478
7736
6914
258
2666
1730
4764
3456
8186
7302
3321
5740
3285
4708
1834
899
7278
7470
2155
7595
7430
5500
34
7173
760
5005
1524
2130
2844
1554
1923
564
2604
7546
4183
1509
4592
4957
4453
3478
1899
8161
4566
2058
7122
2486
6951
2027
7327
3782
4709
4447
3960
4234
2093
8027
1628
254
682
472
7995
121
5948
1065
2170
361
6175
103
7703
4553
1924
6443
2680
1104
6838
1703
3003
7075
6939
6826
5507
6626
6303
4473
1226
7101
107
3655
4297
3762
4543
2946
6452
4032
2926
467
4300
3698
4185
8127
6866
2171
1207
8166
6610
96
2142
5025
4683
3738
4642
5293
1454
3887
3624
2013
5116
6511
1373
3659
3773
7704
3417
6182
3281
4939
4037
7474
8190
4578
2219
7361
2105
4312
5943
2628
697
4268
3105
1662
7849
4376
4539
1987
4792
1911
1584
2632
8113
6815
2802
906
5613
4488
1676
3571
7868
889
1474
91
7481
6061
4568
7609
1919
2363
4099
2503
5711
866
6456
5865
1904
7271
7263
5094
513
7924
1227
1925
7784
5481
2921
7679
80
7391
6000
7059
5184
5476
5845
7213
2123
580
2976
1610
7962
4120
7920
5369
4950
7600
3839
5362
4258
5211
6614
3042
6139
2627
5791
558
479
7226
4320
7818
2323
993
1267
3201
7986
892
2403
6813
6099
8054
2790
6871
4274
2890
8051
230
7071
6315
4155
4594
2492
1232
6324
3148
2910
3438
2779
4271
4659
183
1739
7369
1775
5788
901
7915
5438
4463
4008
3300
4726
2872
4123
4466
5566
778
4386
7153
4370
6364
