930
387
821
448
250
937
235
694
100
658
458
689
629
300
878
126
456
861
122
916
299
900
1009
243
942
103
60
389
807
802
681
909
545
867
677
789
752
537
53
99
364
295
343
992
399
314
254
132
381
239
613
781
174
22
325
928
395
574
436
302
862
316
262
509
501
534
326
761
318
506
394
845
1023
742
111
820
188
986
941
615
422
164
809
365
301
25
944
623
747
715
556
826
859
794
773
270
206
420
600
450
55
98
137
26
846
175
664
974
411
129
447
827
8
276
570
286
491
750
296
655
259
490
297
476
1020
204
429
268
443
37
253
915
984
108
485
566
502
167
339
284
553
643
150
785
696
68
972
9
257
863
70
853
782
819
571
692
233
940
925
117
466
85
582
208
762
644
828
176
274
238
833
591
948
116
797
880
911
421
841
471
850
547
699
79
721
621
451
1005
697
425
914
39
560
803
304
603
958
561
134
218
359
885
886
989
430
487
390
523
796
544
858
162
89
385
441
875
464
745
407
478
567
635
280
477
951
135
586
197
416
59
166
15
154
923
224
427
708
207
288
323
54
822
49
216
418
913
896
604
1007
971
375
1014
829
589
123
999
657
453
865
857
483
298
112
968
650
800
119
504
927
101
131
632
969
713
237
109
874
46
266
608
95
189
261
739
815
636
29
177
959
12
214
624
583
590
308
748
312
847
272
977
808
552
183
728
877
921
793
226
190
146
542
511
688
546
646
633
376
283
468
33
350
831
637
419
341
86
652
223
890
77
702
3
868
495
757
397
640
133
606
148
733
64
82
806
776
524
384
843
75
676
599
352
795
153
219
305
497
120
659
638
1001
507
564
935
783
842
555
514
170
946
889
1015
630
687
810
161
56
198
559
228
482
404
660
607
967
83
256
69
848
580
813
908
734
516
743
472
194
719
21
469
67
778
139
1024
500
641
159
952
496
596
74
725
470
962
585
1016
41
609
293
273
435
851
791
712
744
730
753
398
996
362
163
799
522
975
686
620
492
879
510
104
346
520
349
979
128
157
209
263
334
196
855
370
410
771
121
102
203
58
378
437
1002
71
34
327
894
569
84
616
508
872
1018
178
898
449
622
354
902
113
333
140
634
1021
947
172
445
264
705
716
240
605
114
786
648
149
285
816
670
610
945
322
653
760
220
536
147
191
578
434
66
152
255
90
953
993
838
836
16
321
720
328
517
440
592
854
260
278
481
976
543
10
480
455
904
840
844
505
651
918
981
532
920
332
801
1000
710
383
105
895
211
338
577
195
1022
23
983
533
379
30
431
252
912
47
704
76
839
382
452
870
649
347
627
62
917
683
703
199
956
457
525
230
954
548
656
156
93
788
1008
281
798
48
700
408
654
141
982
335
43
960
110
186
756
631
1006
358
244
313
446
887
460
966
151
433
35
672
1019
535
849
998
355
17
72
258
401
473
735
668
926
271
873
329
995
619
936
718
684
360
1017
27
361
245
40
625
459
14
662
961
929
669
554
368
143
905
614
540
690
439
489
869
248
73
155
834
380
647
319
724
965
891
731
187
933
1003
642
876
866
903
531
581
413
337
528
573
229
538
549
357
165
882
527
19
503
737
594
541
665
931
324
932
307
173
462
118
107
991
593
4
919
749
213
465
934
774
922
412
1010
901
20
618
572
185
617
303
732
317
551
978
988
499
474
601
444
282
6
990
127
405
479
275
428
985
241
814
144
587
169
124
661
80
579
518
964
345
864
779
575
192
351
200
51
463
957
755
1011
232
765
817
723
342
568
597
860
386
897
693
899
907
804
409
488
115
403
373
881
764
832
701
396
5
680
367
205
675
784
475
565
424
88
811
52
106
212
179
714
291
674
400
168
754
292
130
136
61
980
426
729
311
626
673
461
837
279
563
320
484
344
994
772
513
87
987
81
415
663
251
888
366
24
770
711
242
94
722
289
406
758
963
32
726
438
709
588
36
949
348
950
775
269
494
576
611
181
943
369
92
353
221
639
805
202
294
751
363
236
371
442
685
277
529
331
91
667
97
602
498
682
1012
519
768
201
973
539
210
63
792
249
628
598
910
402
769
193
180
906
306
231
11
515
44
336
96
315
766
787
823
31
759
391
13
550
666
818
780
835
309
746
612
740
160
234
892
287
310
824
138
372
50
222
741
2
557
125
512
706
7
227
1
1004
393
671
432
356
330
417
467
558
78
215
970
738
883
698
695
763
893
955
736
997
57
171
691
790
938
678
265
584
454
486
290
595
42
423
182
939
247
392
493
825
717
45
28
562
812
856
18
830
246
377
871
184
884
530
852
158
142
225
1013
217
388
414
777
374
65
340
267
145
924
727
767
526
645
679
38
521
707
