3853
3926
721
781
1026
3512
2941
2288
3678
2859
1666
335
2290
958
2585
3620
4079
456
1363
2467
877
3888
3269
1185
97
2309
367
2494
1665
3216
1622
1685
2624
1443
3617
878
3428
3863
3766
1998
1217
585
1704
2456
982
2301
1745
3533
75
1624
57
2406
449
2545
391
2873
3131
2270
3355
984
489
2325
1879
145
1465
389
2340
1769
1892
3656
59
3214
3942
3668
2382
2026
266
2381
545
1182
2471
2640
3066
3148
4008
894
4031
2390
2863
617
3873
3804
2269
446
328
3009
791
2412
1807
2584
724
2080
1160
1167
3453
1248
3027
3323
1787
3570
1466
3634
3604
2641
2248
2745
3765
3953
3637
4083
1660
3093
377
2611
2543
354
2911
2021
1060
740
264
782
2172
2783
1891
3270
1232
664
175
2784
1533
953
2099
1919
2822
1387
1965
3725
3850
2819
1972
1856
509
768
2906
2622
420
1941
2323
3758
734
892
2529
3784
2448
1423
3583
3288
3706
3527
1689
827
3876
99
1405
1434
131
2707
2849
2134
1404
1849
3085
1553
291
3064
1338
3070
2912
1853
2433
2351
2437
3493
239
321
2869
3419
1246
292
770
2445
1282
3518
2731
3468
2006
1178
295
20
43
371
1339
3243
3092
2634
1804
2857
2364
3830
3096
633
3418
909
214
2491
1256
806
3677
2714
750
2568
832
1055
1376
232
1648
3175
3292
887
3889
778
1083
996
3435
940
2077
2733
3998
2497
2462
1691
241
2342
242
540
1794
2613
3979
1451
2278
3259
332
3058
2713
2335
3321
600
2829
2599
198
2310
541
1187
1488
3839
2438
1111
3810
1340
834
1959
1543
1582
1517
3826
1859
1675
1511
639
1321
2383
1411
2455
656
490
1818
2460
2769
3053
2696
3044
1254
2243
2619
125
1112
1566
504
3333
2281
3648
4025
192
3264
1162
1199
916
4069
3088
652
560
1134
3032
3314
1030
3346
3367
1548
844
2884
1197
3807
3632
1538
2154
591
2719
3647
1940
3118
850
601
1768
3168
1798
4088
948
3946
723
2125
845
1905
2131
3105
1069
2801
2140
715
3732
3532
1307
1348
622
3557
1928
3890
1964
1986
2964
168
385
752
2260
2551
3948
188
1263
2830
209
805
2481
2812
578
3852
2362
2361
3189
657
555
3185
1861
3327
1880
2598
3143
3
3715
3995
2151
1659
1505
1447
3786
1345
343
3608
1071
2821
2811
628
2983
1910
417
3219
103
2348
1674
2825
3811
459
2547
3997
2023
679
1044
3074
1206
195
3658
843
2646
1585
2767
4073
3060
3813
2082
3200
3709
1523
970
1902
2766
872
3373
829
3104
3179
314
3234
357
3729
989
741
1081
908
1361
1916
2000
2180
823
1661
3021
1343
1195
1046
107
2169
1461
802
3915
3459
505
800
1948
1597
1690
2114
615
1042
3600
692
1952
3814
1141
1420
2039
2996
4056
1889
1176
1242
2950
3191
3237
3429
1253
1765
3514
1729
1803
3218
1992
1191
2359
2429
767
1583
2637
2338
2674
1283
3559
501
370
3359
409
2677
1433
13
1300
1584
2981
3859
429
3007
3458
3936
1065
1895
3082
2763
2343
3626
225
204
3077
1137
1848
1526
3351
2712
950
1977
2044
4081
1736
2100
2444
1462
1257
3300
3415
2449
579
618
1252
395
1219
2299
2185
3751
1277
758
1330
144
3005
3126
2903
149
347
1101
3180
2176
3111
3858
3609
2702
2808
1209
3823
3916
2742
1635
2917
2588
3525
447
1785
4002
1506
1140
3696
1790
3352
3008
2761
234
2265
2300
1427
1671
3291
833
2957
3687
1767
1951
1874
442
3142
3392
3587
1410
3739
1224
2681
4093
466
3268
3599
499
2586
3675
3661
3564
3971
705
691
818
3653
1220
3379
543
10
2067
87
3741
4028
2680
1708
4051
4050
2229
654
861
82
2177
1862
1172
3246
2341
2952
568
2569
1783
248
1281
2356
2167
732
1922
3827
2672
2921
3601
3229
3509
598
1684
1003
2905
2261
2662
3697
2617
23
3274
542
693
120
988
1508
3390
816
1158
246
2199
3950
924
2855
1221
780
1066
619
337
105
3560
1946
3276
2949
3222
3149
312
1556
1855
3163
2003
4032
1697
1135
3554
3125
1871
3703
2218
3816
998
361
2189
2193
3151
1823
2345
736
1899
3460
3510
1374
2410
1512
3469
1854
1315
809
1382
3500
3443
526
1139
3430
569
2358
3812
155
3891
2786
1107
2800
1819
2078
3528
3764
655
2385
2532
440
143
3716
349
2393
2966
515
3752
700
1072
3335
1002
3190
156
2940
3106
3494
2607
4095
891
1057
3968
3278
2798
764
2058
1947
983
1748
632
3969
3778
879
3546
3137
2344
717
3316
2175
1644
1681
747
985
2609
2123
1501
1183
1017
1151
929
2354
838
1979
2760
3202
1432
76
2608
2207
1480
3523
2998
1085
3589
524
789
991
3160
3747
1774
462
3603
3154
1353
2896
3862
1542
1067
2776
308
3695
351
508
659
2570
3959
298
3255
338
3083
2339
3612
1351
949
3012
2513
1043
3251
1797
1449
467
486
91
1271
3336
3780
1991
3679
942
317
1956
2201
358
3886
2539
2669
2670
576
52
2079
1450
3091
2152
1459
2600
469
2556
1606
2234
725
2901
3267
434
2823
2739
662
1448
2386
173
1311
2363
2458
2652
2315
437
2704
302
3689
480
1703
1846
2992
1285
3068
3574
1155
3475
3324
571
2851
3908
3965
4017
2036
1001
3924
3783
2549
977
2227
1393
1800
2258
2062
1746
848
3483
2907
224
683
2464
3203
3649
939
2924
3389
4034
2671
2687
3286
1693
3724
3136
606
1743
3879
2986
1574
527
3341
28
3544
3857
3150
2969
127
1265
1761
681
2971
2579
3482
2209
3230
1310
3306
1177
280
158
2485
1601
2639
2703
2843
1716
3486
1646
4015
1235
3325
1730
1264
1319
3298
1153
1832
742
1547
3952
2409
1939
3699
1483
3875
1370
2790
1522
1799
2086
1007
3340
3938
907
1008
714
840
1631
2092
522
2721
1292
210
990
3912
2976
506
491
2625
2554
2643
2245
475
2032
1054
2891
1555
968
364
3375
4041
2226
2842
3907
2503
2405
3299
812
4029
3181
2523
3061
128
946
3630
1305
2659
1143
3825
2946
3293
3115
454
1218
1605
2035
974
3455
122
993
1457
754
38
4063
1286
3713
1720
231
2081
115
3383
2590
3895
1904
3927
2457
3242
61
2295
2286
2965
3073
3621
529
285
457
3795
671
3671
73
885
111
2048
2373
658
1015
1453
836
1515
593
2910
1828
4071
1816
2916
1097
2216
414
135
2138
2832
2989
2836
3187
2553
2853
973
2146
1481
551
2591
1535
1037
2683
1564
1122
2525
2069
3409
1960
4065
2178
3261
3614
2815
4057
3417
626
1999
2945
478
2259
152
1359
3884
2546
668
2349
2709
870
2085
1609
1915
3307
2535
3158
1926
2743
2897
208
3361
2735
2404
2211
1226
346
2225
3030
3350
1984
1930
3422
104
226
2041
722
161
3391
2697
1408
1539
2257
4011
1299
1903
2212
3171
3742
3551
1010
2110
3840
283
2734
3740
1737
3502
260
69
2272
4058
3913
3623
1864
1637
1973
154
2045
2942
2473
471
2379
3596
62
893
2027
2486
3970
3207
3155
3471
4037
304
247
797
1120
2156
3247
333
1667
1565
630
74
1084
1931
496
4019
3698
1934
793
1668
313
1331
1739
1780
1658
2063
2918
3490
2047
590
2895
2727
1698
2732
3673
776
3413
1415
1301
3761
1164
3666
2283
1334
2312
1446
2304
3479
2618
2403
1417
609
2524
211
3575
637
2109
3955
2688
1031
1921
3449
2603
2016
1168
2139
631
3258
2084
334
900
1558
481
287
2287
3138
3084
610
3550
3281
1503
207
3748
2263
2238
277
1642
9
159
2668
3718
3436
2755
1809
1123
186
774
2306
1731
2038
1251
390
873
251
89
3427
254
2474
1567
3920
1619
851
463
2902
3874
1600
3588
2317
3540
854
2561
3153
3353
3537
418
2653
3318
3722
716
641
1545
1476
483
1418
3020
63
1504
25
2499
2128
3976
1154
233
1630
589
1722
201
1725
3208
2651
3977
3279
2537
3659
4078
3476
2490
3450
2725
1208
3495
3636
2615
519
3022
3342
452
1820
4042
1900
3463
1886
2889
594
2592
165
695
79
2620
3380
203
2882
2705
890
1341
174
88
288
3344
2411
276
2861
535
1275
1412
1699
3248
3405
3197
3657
1570
2147
2378
124
3224
3821
1981
3198
2583
1655
3731
2376
3320
140
350
849
3402
3887
3667
311
3122
2775
4007
1124
2867
1061
1041
30
3098
3943
2422
577
4070
2706
49
2375
2885
2275
4038
1829
2130
2817
1541
925
3332
1554
544
3003
2587
1138
2762
3343
2019
1020
701
1920
2173
3404
1782
258
2507
3266
318
1513
183
1383
2894
2118
1727
3215
3169
3103
137
842
1844
51
1793
2420
1778
2730
412
2477
2635
1510
825
2833
706
1335
2153
2280
2575
2398
55
415
3929
3834
1625
1114
2332
3517
3474
913
497
348
1937
608
2846
2186
2856
1352
856
307
1048
1836
4026
299
3710
1052
1021
3393
2813
514
3768
1147
1274
2179
3348
1911
2717
4091
2204
1893
645
1132
3734
3980
114
3984
373
2395
2548
2439
814
994
3680
2285
745
2627
513
1200
2120
2034
2450
2161
3448
3347
938
3611
3974
3759
2068
2360
898
86
402
2479
2242
3800
15
4043
236
1801
1291
2512
2268
883
397
558
2318
2802
3720
3598
979
3362
1502
3294
3396
538
4006
1530
2915
4003
3763
405
2168
2720
1238
3363
1303
2691
1764
1850
1445
3744
2122
56
3046
451
1032
1612
3397
273
1958
2202
2052
3029
1239
3442
3781
394
1837
433
1110
1059
2208
777
2336
2893
3223
3642
2194
1027
2514
1617
3849
3595
375
2604
2446
1495
1534
3566
3819
67
427
2850
2104
2302
2736
3134
2993
3961
2816
1559
2291
3809
306
1193
904
831
3050
2451
181
684
1738
245
3047
3366
498
3624
1822
329
2017
1317
2235
1322
216
906
1614
3701
3580
1944
2091
773
3311
2527
464
1070
2244
3892
759
2313
3925
3881
2695
4062
951
1009
620
243
1610
94
3681
2886
2050
474
2117
157
3855
2698
2387
1641
297
3130
1273
1744
3548
435
1237
1270
995
4
3590
3086
1898
4054
862
1391
2157
648
2774
1994
2519
755
1507
387
2400
3024
1857
3962
3700
3231
2788
1091
3331
517
265
1918
711
2088
703
1099
3265
1552
1906
2864
580
1152
625
3023
1386
3842
2394
1399
1695
3165
3597
1115
846
2321
1092
3056
1192
2708
2025
1810
3233
2256
2515
1438
3576
4087
686
1949
699
3069
2074
613
660
860
3186
2987
2453
303
943
1467
170
2192
713
1189
3645
3866
423
3076
1676
362
2517
3934
2779
3820
345
4023
2246
238
3170
3011
2213
2500
1051
1497
3026
1867
3116
2224
1796
3542
2577
1562
2440
824
1142
3034
3236
1847
3235
18
804
2274
2954
1890
2927
3870
1233
4045
1623
2436
112
359
2686
858
1244
1742
2914
2483
2645
961
77
3195
3944
4035
1249
3272
426
3377
1398
3051
2531
83
3013
2612
3932
2037
1888
382
200
1344
2337
425
1401
2065
3854
3682
2053
3002
458
3250
2505
857
1664
142
3438
2928
2160
2024
1756
1484
2747
1045
2107
2239
3253
3313
3173
1550
410
3232
1211
3354
352
1632
1897
2534
1025
2478
936
2648
3760
3420
3196
70
1770
882
1917
3504
151
4027
3792
3283
1985
1732
1064
2963
811
1808
1241
2328
3714
1894
2741
1096
372
235
4053
162
1942
50
788
3426
500
492
218
1308
92
726
252
563
325
772
2522
2689
531
2807
3582
3434
2141
439
643
2571
3818
3166
4090
2772
445
2782
1439
2970
3128
2616
2898
2740
3868
1389
1789
2331
965
2215
1324
21
3797
3563
2419
1592
3749
2401
189
2961
2661
4024
109
3078
3401
3910
1663
368
2305
3461
3896
1074
3416
1527
677
2936
2452
1821
2205
2090
966
1496
2572
3992
2002
2072
1932
2799
2870
1814
2933
588
2137
1379
3631
2254
2
945
537
2004
398
1636
3824
411
3090
3660
920
1312
1477
765
3848
1997
1011
1377
2875
1838
2988
2190
2881
902
1157
3606
444
3381
2602
2461
3774
3385
3441
3124
532
1688
2191
2948
3935
1062
300
670
511
53
674
2103
2219
230
2533
2368
1471
3723
3937
3339
1806
710
3102
2718
3685
757
2666
550
1531
1336
484
2187
2129
95
2357
3541
629
3386
2159
853
2228
2794
453
663
554
169
1549
784
2892
3485
81
987
66
682
1536
289
468
1367
2631
3152
1316
1228
3921
635
766
1712
2682
1287
510
3140
3871
1276
702
1225
4020
3549
1777
2060
675
731
2010
937
696
2380
2999
1116
3384
1759
279
749
1428
1087
730
2423
1469
85
669
3349
1587
1760
3777
1580
1586
416
3159
1146
3900
267
2593
707
1179
3633
2056
1647
2046
3843
1652
2040
665
2434
2929
1327
1755
3930
2320
2174
3010
969
3746
3894
901
3033
1349
2143
1627
2097
2628
2977
2795
3737
4067
1198
3918
2951
3726
3755
1080
1194
3708
2623
2200
2043
650
3788
1125
1719
3326
2792
1493
3162
3071
1591
381
1133
3172
1993
1371
1749
2581
2751
2166
2685
957
847
751
565
556
1416
3769
274
1294
1279
259
1842
1995
316
2165
1581
1520
3457
3507
917
1369
830
320
182
941
1966
2241
2866
2818
3882
2746
1569
2978
110
2552
644
2673
2417
2233
2809
223
1103
1013
1858
1608
2692
2633
1068
1706
2958
3113
494
1038
3108
2289
2463
33
3127
65
376
2947
709
2542
2838
3757
876
559
1288
323
1082
981
720
919
256
1079
2700
1131
2728
1878
934
3204
792
116
549
3043
547
4000
64
1117
3329
2854
2656
952
2726
4046
1170
3205
2938
1024
441
2307
369
3440
2710
2550
1975
401
93
528
3080
3985
3225
3928
2498
3167
2054
826
3543
3643
102
2416
2197
60
1499
2329
1429
868
326
58
1588
801
1969
2231
272
3399
3277
1754
1421
2223
3951
1328
3835
2664
3822
2293
794
1618
1866
1347
3534
2973
810
1227
1089
1302
1694
282
11
1913
2415
1795
244
1544
1280
1119
3535
2142
2559
3815
141
3785
270
3445
1673
2333
3865
795
1384
1909
3711
1326
84
1482
1400
3790
2005
2059
1509
1047
2402
1034
3893
604
2805
1989
31
3605
3484
3015
399
3618
634
2102
1269
2508
1638
897
3844
976
3939
3273
2001
2748
2297
1872
1489
1590
4077
3539
2578
3957
1456
1394
403
1639
3688
2647
2715
3511
1680
2789
1295
1649
2887
2562
3296
2267
1734
2132
3577
1431
2145
1982
769
2558
1381
1128
3861
646
133
3552
3372
3869
363
2397
3627
1628
1852
3035
3817
2621
2773
134
1188
636
2828
775
1679
17
2480
718
1130
2806
1278
129
1792
2756
2316
378
2839
2606
1865
2909
3803
1100
1019
1375
1419
2582
1863
2303
1190
3256
1413
4066
912
2922
2665
219
2493
336
1395
1901
431
340
3650
443
2232
2112
553
1088
1827
1174
3133
2472
3545
4021
3902
3123
2526
3949
2013
404
1599
1356
3845
2926
2392
1896
3120
153
1362
2496
2690
1441
1039
779
4033
3501
2820
1577
783
1266
2073
3832
2264
3059
785
2667
1987
3184
1118
959
3132
1318
2878
1366
1201
1974
803
3217
2116
1970
1835
1845
3289
2476
1870
4014
315
3036
4009
3628
3897
1551
2935
3833
2279
817
1525
2638
2388
342
2932
992
763
380
3209
837
7
2377
2384
3676
2944
3308
3806
2834
2563
4010
2824
1181
117
921
2960
739
2353
3772
1717
2115
864
2955
2487
1454
1595
1360
2804
1950
1840
2908
1234
1873
139
4080
1006
1817
1212
172
2459
1715
3055
1333
262
202
1332
1579
37
1126
3410
3014
1355
3360
3244
3135
450
36
72
3877
1868
3337
1165
1314
743
2430
421
3019
3301
3851
3478
562
3374
955
3743
71
1589
3470
790
213
2195
476
2150
341
3622
2840
3309
477
22
2061
2488
821
2904
2273
132
2744
2781
3129
2516
3063
1180
4048
3727
2087
2126
3756
2510
1402
1907
507
3515
197
3100
2465
1877
194
3941
1961
1485
3754
1957
3505
2106
2520
3958
2937
199
1004
557
1887
3028
2724
3860
3271
865
2182
3991
2979
3641
1050
3867
1830
98
564
3516
1791
1023
2271
1726
3856
2007
2262
1397
3305
1757
448
1521
582
1463
2431
2296
1272
3993
3690
3227
3663
1578
2644
2014
493
1203
1773
520
1996
3193
2237
3089
621
2365
1297
400
1603
4075
2095
1990
3573
3805
2247
2482
164
3466
3282
1368
113
1
1127
3240
393
771
918
3684
3432
3990
253
1442
1035
3529
1826
2121
193
3917
3263
1885
1171
3717
2655
2240
2972
3802
999
205
2253
2347
616
68
108
602
2997
1518
4055
3730
3370
2443
2701
3094
867
3901
1613
2791
2555
956
1145
3655
3733
3607
2188
184
2723
2319
1380
2407
3640
3081
29
2844
2920
3555
2899
1073
561
2780
3530
330
2214
2879
130
1306
90
1741
3503
1936
3963
944
24
1342
3183
2089
305
2251
808
2031
503
2171
1329
2108
1711
3369
1094
3297
3454
3400
3431
575
2984
3933
2426
455
2029
3245
2982
3097
2018
1243
3753
3174
828
1240
2796
2198
12
275
1214
2374
1337
595
3121
1752
3506
1884
3692
3536
3249
221
2737
3762
263
3909
1709
1825
2764
1455
215
3669
1350
729
3408
1568
1634
3967
1650
3211
4012
1040
1812
4072
3182
138
1354
1573
191
2649
281
1409
653
1149
2841
356
2441
3779
2676
1406
39
1721
3712
3394
1747
2595
4089
1514
1267
1678
3972
2070
3931
3584
3280
1357
2009
3117
1113
1908
3662
1925
3119
1426
424
293
1683
123
2716
1184
3629
3491
4001
268
2284
3581
852
3254
3049
1718
738
2408
78
1392
967
118
2468
3178
3146
1222
360
2574
3691
3983
1924
2210
728
3481
859
972
4052
2371
2294
3192
1104
1616
419
4039
1532
1494
3017
1108
611
3836
3480
3038
2630
3694
4059
1723
599
1839
4047
379
1923
278
1929
3735
1229
698
1682
3368
3719
1202
1309
331
947
570
3376
3562
2777
2658
3878
2657
3841
1109
2826
3651
2967
3799
2880
875
4074
502
3095
647
3358
3999
3771
1775
1444
166
4016
1843
2217
2033
3425
2442
3045
2862
1980
3674
3188
807
2327
1815
1811
3062
835
737
3639
2096
2011
1621
353
2848
2127
1519
587
1735
1781
1751
4004
954
1250
888
1487
1478
1686
1651
3447
1346
396
206
3144
121
2162
2959
3164
3791
581
2330
2962
1268
2868
1156
2501
1284
2346
756
1161
2632
3067
2860
3220
42
3054
185
1106
3519
2183
2557
1763
1492
592
1121
1881
2298
1490
2923
886
1762
286
2249
46
1290
2144
3793
3212
3919
3406
753
2810
3395
220
392
3451
3295
2678
344
470
2119
3221
3693
2028
1805
3664
566
2098
407
2093
1245
3004
2610
178
1014
3872
3499
1967
786
406
3107
2890
3177
3903
2605
1150
534
3960
2424
294
761
1657
284
1750
2252
261
32
1841
2135
3571
896
2663
106
6
2919
3538
2292
4030
1058
3382
933
3040
3241
719
1611
3579
2974
3284
1962
3864
1914
2454
3591
2064
1078
3210
2768
3345
3994
2694
3001
2350
1705
574
1645
512
384
2311
2076
964
667
1175
2980
863
1945
1687
339
2827
3302
3954
2650
3338
746
495
712
1205
324
3072
3838
1728
2871
874
841
2994
2753
2015
34
2642
1016
971
980
1557
3526
931
237
3006
2995
926
1304
1323
3444
3567
3989
3462
3646
3285
3145
1784
676
735
1364
2596
4060
4076
3109
1677
3161
2230
2538
2221
1771
3592
3330
479
1713
3654
269
3829
1289
2858
666
1475
3610
2020
4049
583
487
2111
1833
3556
4064
605
3000
3524
41
26
422
2614
960
1430
2396
3602
1486
678
2729
2149
4096
2308
3615
962
2831
3787
1654
2521
430
3424
3226
839
1963
1033
688
2573
3981
3176
3310
150
672
2366
2113
3052
2738
2370
690
1653
1098
2601
3057
2276
2164
2181
525
240
136
3031
3776
1372
2759
2057
1615
3412
1452
2883
573
2699
3986
413
3721
3885
3586
148
2492
3975
167
1436
40
1813
2900
3702
627
3039
3464
3467
3042
2770
3110
2771
1325
3452
3547
3498
539
1216
1576
3488
388
1500
1596
3665
1102
855
2872
3411
472
4092
3303
3439
2435
3334
2565
911
2367
2939
3371
3041
3403
1173
1458
3414
3837
1028
2629
1498
1262
2845
4022
687
2133
3922
48
3996
640
1575
2414
1733
1516
3141
1186
3157
2421
3521
229
1075
171
310
2136
2425
624
2428
3319
45
1988
3898
2372
96
903
1000
2506
2326
1129
408
1472
3388
1230
3257
2925
2877
4082
552
871
179
3569
932
3905
2101
3101
3489
212
744
3465
176
163
126
1210
3018
1546
866
2943
3213
3048
35
257
2518
1296
3966
1029
1258
1540
3770
290
432
1971
3847
44
271
3801
661
1860
2758
1470
819
1656
100
1261
3738
2711
2075
3553
820
567
986
1710
3275
1766
255
3773
3322
708
3672
975
4044
3638
3988
3899
1159
1607
3558
1529
1425
597
1670
2314
2865
516
963
2432
222
935
3446
1473
3328
2626
2679
978
1169
1912
889
1385
3437
3075
3356
2049
309
533
4068
4086
3287
1086
3037
2352
1524
2489
177
3947
1365
3522
3616
2158
2322
3782
119
638
301
3065
3982
319
2990
3594
1560
2536
1620
1593
47
704
3880
3707
1883
2105
2184
612
322
1424
2803
614
2530
1223
3978
19
822
1076
3578
3456
3914
2835
2266
1602
1933
1407
3398
366
2008
923
4094
1049
2413
3315
2765
2876
1696
4061
3238
546
3593
1437
3239
3745
2785
147
2148
2055
488
428
1464
2797
383
1396
2511
438
3290
1978
2220
4084
3964
1093
3016
3201
465
2693
2236
3513
3114
1215
1598
2470
2888
1786
2540
596
3099
2956
2580
296
2757
1474
1255
3473
3906
1298
3911
2754
1834
3945
180
101
3497
1701
3686
16
3705
386
1672
1204
3365
3798
2334
2022
2282
3025
1213
1753
27
2071
374
2749
2277
530
1479
697
3635
1772
1105
1935
3728
521
249
3252
523
899
3883
460
623
815
673
1882
880
3357
2675
3619
3433
1571
642
146
2567
3987
2566
1440
2255
2369
915
1403
3147
3496
1758
2203
3736
1740
2684
689
2778
2750
3973
3407
1491
1954
3775
3477
813
2814
1528
1095
2847
2083
2752
1056
2484
1247
2163
3260
2427
3492
3508
869
2042
930
355
1943
1561
1869
2931
1390
1236
80
927
733
2564
3923
1604
3789
1414
1643
2030
2196
14
2155
1260
1955
584
1036
1018
694
3199
1196
3421
3156
760
3206
1313
536
196
1148
1876
603
607
436
5
727
473
190
881
3087
1702
3644
2447
1012
2418
1468
3625
1422
1983
3472
3112
1022
3079
680
1669
1662
572
762
4036
327
3704
1779
2250
4018
2837
649
914
2544
3565
910
1927
1378
2170
2324
1953
2094
1163
3423
3652
1077
1831
1968
482
2389
548
160
2495
3520
2597
1537
8
1090
3304
3262
54
3572
2913
1851
1053
2636
1640
1460
2066
485
1629
2051
2355
2528
2391
3796
2874
1938
3317
1802
2589
651
1435
3378
2793
2660
3940
1724
2975
2124
187
3683
1320
2934
2953
1714
250
3194
1594
1700
586
3904
2466
1063
1788
2469
997
1875
1144
3585
2968
1824
685
3387
2576
798
2654
3956
3364
1005
1707
227
3846
2991
2852
884
1776
365
928
1207
2504
1626
1633
3750
905
2502
1166
1293
3312
3561
2012
461
4085
4040
3828
1373
3808
3568
2787
217
1259
2985
3487
2475
796
1136
3139
2594
1231
1388
2399
1976
748
787
1572
1563
3831
2930
2206
895
4013
2560
3794
2222
518
3228
1692
799
4005
3670
228
3531
3613
2509
2541
3767
2722
1358
922
