514
471
819
875
92
445
64
760
606
7
31
89
46
262
278
124
251
418
459
580
250
878
810
8
88
158
412
557
438
757
133
554
986
943
682
628
88
562
984
373
821
531
659
434
915
138
897
258
70
544
193
917
754
329
692
616
658
710
66
66
551
851
265
362
619
883
188
973
14
777
697
417
481
288
784
430
42
680
969
613
998
948
117
683
498
261
727
413
394
154
279
826
176
555
263
272
393
425
986
23
430
531
601
735
210
205
591
986
235
150
41
904
762
276
797
502
400
598
901
334
571
502
529
74
61
623
420
285
658
791
887
298
848
782
695
931
8
293
29
359
536
489
22
624
668
929
905
77
768
617
109
533
539
950
722
578
102
740
15
354
326
683
255
371
309
644
772
45
869
75
226
424
801
856
848
264
458
47
420
889
698
139
34
590
372
820
919
543
758
592
875
394
573
449
702
3
495
638
679
662
306
309
232
123
737
527
970
997
772
408
827
989
241
755
47
422
487
721
77
604
470
110
198
934
824
348
143
555
456
716
175
870
421
506
425
582
547
494
637
321
698
755
977
927
263
697
861
260
356
122
6
255
656
702
416
315
147
32
178
286
196
16
987
495
895
636
246
519
457
720
996
196
251
775
962
686
20
556
277
680
605
647
121
304
941
384
260
97
512
82
859
318
903
517
245
383
203
724
390
470
637
570
449
460
956
965
509
214
912
64
323
116
380
17
396
640
202
858
879
740
63
594
834
384
156
664
140
608
814
659
56
67
881
205
677
917
799
376
516
241
985
851
894
189
520
668
506
826
83
774
933
89
862
505
814
37
659
701
676
606
513
679
876
194
734
383
637
322
954
195
959
288
861
663
586
885
394
775
793
390
672
109
594
7
963
640
904
871
619
470
835
35
453
432
215
596
953
452
155
209
692
982
370
823
756
211
77
547
678
109
722
374
560
138
564
292
745
729
627
986
12
609
988
937
432
290
8
160
284
813
679
355
561
863
808
482
470
381
230
206
35
133
665
606
737
557
470
165
521
95
363
127
912
4
522
612
334
541
979
111
984
805
671
470
366
456
545
232
956
441
749
766
941
946
657
119
936
175
289
427
761
665
739
927
722
609
910
752
741
300
113
500
67
150
563
744
921
393
972
603
146
90
19
577
607
225
796
909
425
809
472
24
372
930
397
586
523
456
723
601
683
437
485
8
365
730
35
945
726
198
500
242
641
538
385
444
323
12
484
333
931
881
850
23
168
179
969
158
921
607
752
114
358
393
952
577
707
722
930
927
143
271
488
105
872
928
868
619
230
653
220
291
819
513
683
880
242
660
657
770
130
476
291
896
886
136
980
244
842
582
719
109
296
541
65
153
584
61
919
86
957
315
917
972
172
953
422
879
906
563
376
479
610
996
511
876
124
324
480
201
411
34
206
79
134
101
776
184
535
251
362
354
90
963
407
568
215
893
490
343
214
150
954
414
712
603
832
175
177
465
545
50
248
924
127
327
896
717
24
677
456
516
204
760
983
886
882
40
389
419
124
766
811
264
449
313
666
751
303
894
319
423
699
559
345
189
943
168
217
200
962
47
855
528
434
112
904
900
14
102
343
406
640
249
794
982
558
306
957
755
609
468
267
796
300
151
509
26
304
415
378
237
518
148
746
713
204
270
214
302
57
421
315
693
73
581
508
448
61
212
990
215
139
581
202
242
578
841
401
18
131
185
149
798
771
907
282
184
117
822
196
279
386
741
856
906
682
932
872
384
948
970
665
438
740
841
837
471
16
926
793
847
821
933
845
950
161
745
401
477
611
648
522
518
350
856
6
237
90
728
667
946
828
969
626
249
873
839
205
931
384
272
207
994
564
874
429
352
371
694
100
321
837
731
911
117
258
86
104
266
614
694
341
526
571
170
779
867
8
267
338
914
578
567
358
343
621
180
930
560
433
714
600
109
220
308
902
845
472
898
578
742
222
657
948
526
480
5
867
559
921
41
739
58
425
890
467
749
926
542
223
88
503
120
129
665
76
797
807
658
999
104
38
396
143
639
754
519
300
710
772
101
660
202
605
300
523
940
854
719
635
934
900
63
446
624
473
946
309
564
292
21
730
522
262
714
99
879
33
409
254
216
297
514
89
158
928
466
623
179
20
526
533
477
781
990
748
279
169
866
362
152
459
243
608
98
543
658
630
587
71
770
564
626
985
186
903
347
86
154
164
140
527
401
675
724
289
476
835
980
350
629
286
448
78
595
450
676
219
212
972
739
817
602
452
982
640
600
331
510
246
357
111
820
800
332
419
994
458
732
53
862
899
943
125
64
953
238
398
868
806
295
155
314
276
146
233
255
317
829
565
251
863
358
27
129
478
215
933
176
115
445
438
992
480
719
206
155
882
634
231
230
915
298
369
920
181
631
553
96
279
46
20
51
619
693
66
641
637
396
320
555
736
302
998
993
797
840
894
111
386
501
448
675
307
569
917
360
78
558
89
844
68
278
366
623
289
752
865
190
206
118
280
39
228
577
515
159
17
577
641
479
872
330
967
349
275
615
51
281
599
741
493
379
965
400
247
833
546
678
722
692
766
144
369
62
187
720
134
476
82
892
131
364
670
695
42
313
209
245
780
931
551
200
874
41
768
23
579
81
189
373
255
196
275
782
173
87
146
508
982
555
224
214
200
812
105
951
499
764
450
970
175
533
741
145
852
87
470
705
488
839
709
877
116
730
338
17
605
579
388
851
743
368
376
454
227
195
505
821
236
846
741
510
483
834
719
340
747
644
204
260
941
839
535
363
404
395
646
226
781
290
475
709
559
767
64
546
617
794
494
691
957
61
289
281
355
481
313
952
3
303
10
918
717
422
468
478
351
968
48
194
108
305
73
661
229
534
134
417
591
193
787
480
805
663
939
617
560
570
201
865
12
212
868
226
581
108
269
821
169
84
395
581
466
874
637
459
285
746
544
129
76
117
84
417
956
259
21
6
79
240
533
923
971
787
96
984
773
146
949
66
968
863
219
455
685
319
656
961
923
864
313
419
279
239
408
614
101
297
255
671
990
557
153
666
594
781
997
321
702
501
99
329
483
85
226
849
19
537
228
523
949
536
367
370
193
122
54
30
296
394
701
54
876
31
355
615
319
256
23
802
71
811
339
540
681
744
814
753
507
903
484
376
749
301
950
768
44
310
324
344
285
377
819
154
554
644
161
246
413
956
582
381
156
394
767
165
565
397
378
449
943
825
310
365
957
930
268
365
788
751
641
192
75
700
653
687
747
871
706
756
295
765
25
591
707
254
229
20
309
916
861
779
354
815
714
509
149
195
689
111
845
607
139
55
733
263
231
383
653
806
780
960
185
441
934
850
418
517
131
680
962
371
490
936
14
424
261
764
725
145
453
91
422
480
211
415
121
365
923
954
931
996
541
981
166
852
317
12
947
419
562
770
931
188
301
267
15
472
692
910
943
141
46
710
43
252
535
375
406
66
613
282
367
997
355
576
561
803
604
685
470
158
215
308
771
314
234
561
72
214
492
852
628
814
440
128
943
12
25
410
617
101
281
809
382
394
113
670
586
421
610
520
536
363
255
381
105
628
31
422
953
458
932
501
740
25
102
213
244
127
249
587
305
585
707
623
467
123
742
888
182
984
212
907
304
490
724
329
94
220
824
204
403
202
450
504
936
835
112
93
808
735
533
196
2
462
409
489
186
480
384
647
967
406
237
629
47
65
170
186
787
244
991
607
439
85
992
750
555
168
435
38
686
281
246
61
289
830
746
668
393
175
100
190
408
30
552
239
176
114
908
115
546
642
843
453
381
94
503
886
956
649
112
278
288
807
290
573
515
474
334
557
233
530
364
817
683
361
961
814
162
743
256
270
436
166
531
571
904
412
883
306
513
856
548
970
476
65
552
889
323
54
798
140
441
833
885
668
496
272
981
268
227
671
810
951
866
937
210
82
395
15
817
598
536
333
507
484
396
995
881
606
346
21
4
267
967
925
890
183
476
437
822
659
703
24
801
965
594
977
90
29
77
282
845
839
151
852
877
961
959
185
42
412
642
978
376
774
145
297
513
910
490
23
184
495
841
957
142
836
974
112
159
669
808
923
409
239
203
380
622
439
813
105
818
166
546
444
554
578
26
419
88
344
899
33
671
389
428
584
442
976
250
51
678
193
943
226
169
354
345
23
16
79
22
783
22
12
678
236
534
100
317
265
265
138
324
157
854
751
213
483
190
195
51
277
392
116
959
620
82
144
539
592
983
338
155
167
523
629
87
719
849
794
426
614
696
683
678
398
303
469
770
844
550
88
355
866
595
977
899
651
970
258
791
323
528
511
821
50
426
560
961
291
240
121
514
734
633
10
291
383
208
996
577
213
492
594
707
295
639
568
845
946
175
614
217
276
779
159
611
789
144
117
311
935
88
7
623
909
251
960
626
994
698
158
269
6
42
875
439
468
95
971
865
592
579
294
498
503
63
970
910
348
547
293
836
483
342
93
465
900
630
645
506
639
554
945
613
211
509
954
998
732
682
428
792
671
989
754
312
84
688
90
658
581
159
995
334
593
621
515
364
458
903
697
248
987
953
208
494
345
733
309
901
383
704
70
727
42
552
618
310
771
285
707
556
50
421
504
956
390
720
325
750
237
522
430
143
887
724
799
899
792
532
491
894
625
605
457
482
197
659
499
482
562
89
525
427
265
365
57
113
72
741
845
88
272
587
26
531
57
238
393
904
57
669
882
368
643
498
31
419
146
668
991
672
319
736
767
834
188
613
250
754
990
485
850
970
358
88
955
904
709
349
52
536
542
995
193
426
654
265
485
587
605
428
693
116
953
536
150
922
819
615
522
861
88
87
771
563
308
260
311
350
48
216
75
340
807
602
359
317
919
913
541
737
809
777
54
275
891
55
488
55
877
320
761
531
793
781
440
968
573
488
337
172
935
188
29
572
926
621
982
27
951
729
303
180
194
893
930
280
232
454
10
493
817
763
687
498
357
303
33
905
827
229
663
351
692
782
765
185
791
70
443
366
943
831
607
532
591
822
182
713
772
942
674
963
832
905
179
862
170
476
595
116
958
604
810
326
427
495
952
479
578
632
435
772
334
480
495
927
814
369
222
972
444
443
377
723
84
946
789
245
239
391
623
98
507
190
402
167
82
410
644
259
221
440
842
576
51
345
179
883
76
773
204
67
629
858
840
671
183
683
443
878
963
313
976
535
993
32
15
288
419
227
512
571
402
809
164
165
202
211
247
846
947
362
206
63
23
805
835
928
501
878
423
739
316
734
811
35
791
960
868
70
859
26
488
472
293
924
818
368
442
72
610
884
945
946
464
228
959
475
781
462
647
277
645
286
818
965
932
478
280
976
144
997
677
739
342
557
467
924
399
518
99
898
998
142
693
781
434
792
595
785
274
925
594
134
832
547
414
386
134
898
143
289
493
484
658
119
288
793
209
278
554
734
856
440
809
426
189
836
672
302
842
249
363
578
955
172
233
758
735
955
953
796
821
141
195
818
113
875
776
279
771
514
950
157
805
428
866
945
544
667
242
948
306
987
380
992
522
177
423
253
301
409
547
86
977
74
196
499
237
920
519
437
192
762
464
762
909
900
917
526
893
209
832
810
800
956
741
287
660
11
464
523
285
986
145
465
309
90
567
683
676
38
978
636
984
478
859
809
258
551
433
406
76
664
851
442
841
78
816
222
733
815
824
191
898
151
373
142
256
204
376
302
584
555
46
869
501
217
467
11
237
615
301
118
79
742
858
208
189
297
546
622
79
393
962
25
511
8
173
777
820
561
810
530
291
663
438
892
739
900
107
333
366
202
973
27
890
259
598
201
462
458
641
845
634
127
608
562
391
186
261
654
453
479
883
636
429
199
231
214
972
543
228
659
982
474
954
339
260
323
443
657
398
569
743
735
158
210
560
69
112
52
130
85
824
386
661
336
266
546
949
682
559
657
364
670
260
209
320
565
697
368
509
740
15
119
120
903
965
125
930
254
603
315
235
629
26
633
518
312
374
225
362
806
381
380
693
495
624
750
687
723
219
213
180
226
845
528
949
269
887
405
653
366
940
20
162
725
535
391
494
643
683
912
586
37
241
777
444
414
857
522
721
244
19
759
367
666
362
426
504
50
426
710
757
285
397
597
323
804
97
736
271
879
48
567
807
791
436
158
511
76
99
350
334
562
233
729
536
964
497
526
826
116
96
640
776
363
531
356
72
796
368
91
949
974
641
419
215
82
464
675
505
711
601
483
545
712
641
215
425
980
791
483
236
32
897
556
746
233
815
175
796
515
629
566
715
945
854
386
559
568
536
654
229
983
122
560
754
618
185
316
709
553
608
768
435
903
853
565
939
805
364
216
728
883
906
625
637
266
379
202
446
851
267
965
213
352
563
395
596
576
115
949
34
16
482
679
108
625
727
417
541
934
373
402
741
880
601
572
796
520
432
848
748
43
974
756
764
568
468
144
651
745
144
709
240
571
953
326
462
464
159
230
910
790
212
127
204
464
323
428
59
512
501
847
653
915
555
919
167
606
301
363
155
281
239
433
537
222
795
714
224
277
36
547
152
898
483
999
92
957
773
121
258
823
155
570
348
911
420
761
124
716
773
485
360
21
970
869
881
126
269
877
262
59
813
491
231
61
325
531
638
887
515
824
722
461
276
70
539
448
894
452
22
710
370
992
347
892
497
313
927
346
685
452
116
595
953
648
452
767
2
103
109
382
402
722
900
899
869
901
125
957
821
672
228
245
388
350
127
639
318
386
384
194
185
599
361
721
32
418
357
687
297
314
720
270
157
22
161
121
394
203
42
771
520
376
929
177
821
982
714
417
761
343
223
934
409
597
594
969
454
242
716
823
975
685
234
316
836
503
510
620
287
417
903
950
544
836
716
257
372
537
241
861
797
889
146
599
599
627
784
733
185
96
958
456
965
13
434
46
167
68
224
863
841
781
683
508
80
349
840
801
839
261
65
982
689
591
576
715
247
304
806
728
778
5
26
701
737
366
638
162
195
86
93
532
372
825
290
531
593
924
951
452
608
650
918
150
856
517
38
903
387
75
893
527
56
737
359
326
416
926
269
637
20
456
327
144
901
438
275
303
132
15
958
603
647
554
867
912
634
329
888
385
545
102
111
226
870
91
297
854
44
136
235
702
490
733
924
643
868
695
539
379
458
892
911
970
427
875
861
889
946
753
315
719
213
709
755
300
255
956
169
415
416
363
937
137
465
263
501
961
620
561
673
659
407
545
112
81
737
521
298
850
696
739
832
763
3
743
779
173
55
306
929
105
527
551
434
136
494
553
276
844
979
841
318
900
903
189
523
141
521
45
837
140
905
925
965
159
915
177
916
471
322
483
495
635
765
440
874
617
315
922
595
809
319
57
82
410
988
17
82
531
339
81
11
994
209
26
710
645
952
846
176
270
146
619
718
295
269
530
839
777
530
14
355
636
669
447
789
563
349
553
92
194
325
701
612
722
38
841
452
309
102
841
910
71
971
628
747
948
840
264
450
486
505
865
265
840
997
68
3
524
581
730
968
580
44
153
934
869
501
232
976
375
721
101
965
528
837
125
671
299
120
135
167
354
422
900
947
934
813
515
219
113
324
621
130
91
292
595
11
735
145
971
186
804
822
177
242
58
478
396
642
379
886
549
358
893
284
324
488
777
927
155
266
763
516
955
698
337
540
860
50
747
399
480
134
853
29
218
972
927
829
96
42
642
478
14
81
831
16
797
28
374
574
741
457
906
246
259
237
497
869
404
274
616
279
165
499
759
514
592
213
978
57
717
854
337
549
111
842
395
171
208
154
489
708
928
291
112
894
45
460
568
756
910
502
825
503
884
816
980
796
933
71
965
869
214
221
486
747
900
975
242
328
986
464
208
651
226
886
351
315
907
525
579
936
681
538
171
10
438
710
78
47
376
472
194
781
218
197
701
836
735
915
564
849
211
921
110
409
744
647
788
62
648
444
998
486
776
747
103
228
333
143
956
347
202
634
29
583
951
995
330
861
684
966
956
244
13
36
731
894
448
79
181
207
430
957
798
504
556
984
474
424
225
937
695
332
995
990
533
19
543
858
353
741
981
464
589
225
192
141
233
543
933
938
727
592
588
295
162
726
849
458
117
451
150
223
231
600
593
673
809
198
11
370
744
271
160
40
92
835
239
857
678
136
814
565
490
672
147
712
385
375
194
22
429
420
456
957
482
809
409
443
226
208
588
926
219
981
501
401
980
998
856
471
866
277
831
653
617
694
58
414
896
930
680
291
505
114
283
426
303
390
88
538
682
480
199
821
447
63
86
866
854
807
205
135
498
393
194
459
332
653
337
240
969
521
842
963
984
196
92
751
924
385
442
590
462
460
704
97
940
977
454
769
993
523
72
169
462
479
461
87
274
241
960
83
597
255
624
431
235
193
450
875
847
960
426
952
592
126
218
139
891
15
133
935
784
541
442
983
524
667
316
871
971
181
487
562
388
498
320
169
827
231
391
902
912
343
168
630
376
325
368
305
357
664
228
935
242
187
523
127
18
58
295
894
438
933
454
322
552
910
650
907
893
257
422
797
450
562
454
861
865
504
363
41
226
201
35
147
704
854
183
187
941
221
346
893
344
331
638
619
205
216
656
108
941
406
459
101
420
65
115
262
113
47
723
841
919
671
797
96
959
584
192
71
971
271
9
461
615
510
232
28
387
70
978
854
24
315
294
394
538
808
8
544
202
751
760
489
871
607
995
452
156
191
232
872
925
670
468
869
701
695
709
116
928
732
160
468
717
842
271
710
856
668
151
118
499
560
235
207
923
610
360
840
518
30
356
877
333
59
753
559
3
799
456
647
513
455
691
114
4
629
65
839
30
207
421
405
677
419
854
943
266
154
239
14
688
985
673
75
133
698
823
439
8
575
271
725
646
133
747
915
775
120
324
388
738
537
756
863
783
712
810
632
458
718
779
835
214
91
520
122
934
759
248
413
336
986
668
180
993
495
664
468
75
465
155
470
934
577
636
661
742
931
32
352
760
774
158
61
808
45
838
619
553
277
955
167
377
327
346
213
233
50
684
35
695
81
985
61
11
849
26
200
674
253
787
756
132
199
683
671
275
797
595
445
846
794
183
817
642
467
842
650
898
152
742
190
190
670
628
803
78
360
384
417
333
841
957
399
138
792
431
391
116
708
53
294
730
803
872
287
776
444
682
776
390
919
1
667
639
62
633
496
577
716
988
632
27
974
101
517
428
220
701
198
355
958
