377
210
299
466
137
852
679
869
260
622
76
683
633
202
639
46
43
524
4
634
987
257
613
562
985
47
441
214
5
705
290
813
414
59
817
222
213
603
581
671
791
760
44
92
595
955
190
728
230
67
107
650
823
661
685
375
93
565
739
606
513
757
81
440
576
805
366
156
786
96
685
676
742
869
528
632
205
457
66
498
832
442
185
734
701
361
3
123
987
685
759
734
904
227
425
968
128
937
739
645
626
129
95
960
334
993
791
297
198
121
70
494
59
894
69
186
230
522
339
684
161
30
105
216
559
690
445
35
297
990
911
82
641
817
675
392
106
867
375
18
679
227
38
47
557
566
524
313
725
301
646
140
824
298
231
768
901
340
849
12
482
317
60
942
87
115
442
576
948
5
882
589
318
314
954
128
143
63
461
333
710
540
64
137
125
761
641
194
367
896
792
385
138
104
927
769
223
738
776
169
551
989
827
205
675
462
334
644
222
927
526
744
853
811
61
750
956
284
989
507
163
752
42
281
814
855
548
57
535
412
759
907
769
541
622
394
994
82
635
735
485
992
635
146
604
959
485
415
687
315
850
590
451
937
98
241
141
615
939
500
904
979
80
904
21
563
297
282
557
189
393
290
694
528
159
420
953
952
20
411
635
986
227
129
145
877
664
978
853
741
886
306
997
873
920
245
708
891
483
511
945
42
862
61
412
967
714
615
456
353
465
784
984
968
502
492
339
593
842
493
101
944
881
62
403
512
362
797
341
53
543
867
326
109
650
240
64
817
807
173
438
550
521
601
525
909
174
86
135
565
733
608
696
631
10
422
606
294
32
102
775
565
798
206
284
14
864
751
565
338
763
331
237
366
84
466
336
52
351
831
525
992
957
956
884
113
556
920
137
139
539
969
98
662
614
223
723
250
582
717
845
100
543
850
668
869
715
561
563
786
754
998
439
729
537
615
232
658
740
219
22
262
814
413
517
222
944
415
531
179
836
716
29
227
600
122
593
275
155
601
597
126
587
72
310
677
104
370
27
205
901
678
359
224
890
80
274
216
878
103
713
552
444
698
979
369
432
980
506
357
939
648
722
689
734
51
262
595
926
750
59
726
52
566
308
882
225
601
658
503
596
93
186
342
41
758
176
790
312
400
807
879
234
48
758
982
707
544
278
610
856
726
