492
65
377
813
230
961
237
590
385
728
468
5
787
972
72
530
48
579
954
140
792
139
978
563
13
101
66
461
935
992
926
299
616
162
571
564
606
659
593
648
468
231
298
183
139
783
621
394
346
244
362
669
971
227
590
95
713
685
866
257
641
795
551
267
340
309
869
422
456
952
184
78
787
802
379
722
694
766
967
567
698
849
587
357
178
273
545
105
81
572
196
789
128
802
829
476
252
23
544
554
899
18
191
317
13
5
682
250
975
747
899
364
504
852
259
333
47
313
453
546
262
397
421
451
534
860
858
658
678
944
336
158
998
646
758
65
177
922
736
134
642
162
426
148
683
634
979
257
153
618
987
743
141
785
722
65
621
809
3
296
959
980
861
174
402
892
991
440
937
217
616
388
397
698
533
390
835
525
624
410
642
195
640
203
765
329
708
818
777
342
100
285
736
876
289
514
11
129
193
856
588
546
723
190
20
168
613
962
430
201
830
281
961
728
228
504
451
48
236
622
428
355
999
199
824
265
60
741
261
178
430
945
790
286
958
274
517
614
114
415
675
685
131
32
556
368
259
451
7
361
412
746
848
448
811
399
563
389
404
42
207
929
125
213
324
922
337
158
550
811
73
891
589
835
561
983
389
14
80
446
874
171
433
879
30
266
474
973
843
345
643
706
187
911
876
138
992
815
310
169
971
322
114
566
434
887
159
927
740
667
895
44
578
696
686
753
64
524
989
239
887
396
706
891
497
791
600
346
826
280
920
81
133
435
302
802
70
337
219
348
194
670
787
665
865
380
935
834
891
503
674
185
222
106
448
484
733
448
513
518
173
312
180
7
844
438
514
59
3
182
632
50
30
780
191
337
705
298
540
691
722
585
815
727
875
97
274
231
70
696
104
467
522
893
501
361
959
729
537
322
275
131
744
310
518
263
473
439
389
952
617
245
564
786
837
37
971
112
971
803
856
243
68
788
172
698
311
798
178
486
851
470
528
989
775
352
458
912
923
402
630
945
87
895
938
495
487
345
817
708
343
953
733
802
435
131
302
570
416
372
145
913
234
328
819
101
858
176
650
170
860
922
523
848
471
612
41
344
649
128
605
827
859
450
505
377
158
323
93
369
223
378
333
843
663
503
79
258
859
449
915
729
550
469
724
787
270
495
804
600
316
120
252
919
806
583
856
64
79
657
24
700
397
100
417
662
808
332
45
410
444
909
204
475
558
106
941
589
781
270
422
585
424
475
384
717
527
686
325
445
685
581
345
348
230
807
891
318
945
168
118
176
582
298
218
963
711
217
858
672
650
268
781
8
16
942
998
540
978
545
564
458
308
166
757
865
367
134
344
170
403
780
123
658
22
630
154
752
550
513
457
269
645
275
999
618
230
946
996
126
157
896
779
8
345
836
815
747
426
556
377
767
407
594
958
911
172
477
605
630
342
168
143
115
132
685
256
523
154
994
451
667
639
569
473
427
61
529
934
666
661
501
172
466
616
669
644
322
242
93
385
91
51
209
752
227
435
453
309
335
389
559
456
866
919
226
655
503
40
451
394
383
615
797
324
975
10
966
27
553
490
732
109
888
886
864
865
430
734
843
536
599
504
109
311
84
483
286
16
804
230
905
835
154
80
483
393
23
358
166
13
126
755
515
489
380
471
683
794
652
915
591
840
943
992
960
580
859
345
545
77
744
762
127
181
645
47
203
757
918
730
133
805
551
852
78
497
328
63
749
800
800
293
843
456
873
24
498
166
979
841
116
119
890
227
386
309
202
528
376
130
189
263
835
314
760
12
192
198
125
728
310
8
490
292
486
37
867
734
752
9
403
426
877
784
212
911
743
937
968
958
823
736
869
869
790
518
466
948
69
774
119
98
289
854
623
517
894
966
164
483
419
802
988
968
838
714
215
872
93
471
690
288
503
781
584
802
679
851
356
893
788
275
115
315
649
777
881
76
931
881
902
497
327
912
546
724
517
293
767
550
6
886
186
869
494
572
302
711
923
737
950
72
200
372
789
223
515
103
140
121
178
821
757
723
69
609
987
704
701
457
319
383
452
540
385
352
535
224
552
768
23
423
64
79
485
739
968
26
386
169
784
1
643
621
99
849
909
976
206
830
603
942
817
65
927
268
804
131
207
270
52
18
717
702
603
240
275
314
532
794
817
585
310
451
840
330
531
855
751
268
666
969
289
495
697
760
722
336
787
358
581
984
141
407
131
254
438
48
446
273
776
205
398
181
787
575
610
765
803
594
917
704
202
916
359
447
584
456
906
356
36
768
619
254
416
574
893
39
593
341
388
784
130
249
348
494
169
453
656
622
524
611
775
