70
426
685
145
108
887
458
878
166
549
16
611
743
858
631
294
738
27
286
173
854
588
883
560
788
213
848
702
345
665
566
302
964
271
378
376
980
421
888
542
554
582
451
940
536
264
532
330
858
929
412
182
579
331
953
130
298
881
613
911
309
17
577
215
137
409
254
972
20
289
199
396
617
221
841
840
198
905
570
648
488
233
747
788
525
90
298
500
29
634
545
292
594
736
33
921
476
369
910
22
768
515
562
491
784
547
901
589
84
117
562
714
628
10
303
856
297
497
320
995
244
433
149
332
338
840
957
159
