917
734
910
484
445
439
65
579
235
792
116
116
895
133
381
317
626
37
280
159
965
314
444
442
787
599
308
177
494
771
231
572
61
705
934
221
985
645
325
759
73
751
929
849
54
975
890
3
59
64
592
982
474
589
523
455
101
332
357
230
801
147
260
121
597
981
288
737
496
473
521
882
84
607
959
145
935
331
789
345
811
362
703
377
443
87
720
479
139
110
340
114
242
586
252
831
324
864
90
741
15
43
570
355
403
347
270
218
369
853
494
409
864
827
968
843
878
468
732
897
416
56
955
115
283
228
918
233
561
948
203
676
373
87
642
326
236
168
434
208
94
744
994
487
984
821
450
452
924
36
215
582
992
59
297
771
491
920
600
347
970
287
454
218
295
223
541
74
657
574
71
2
713
392
97
798
546
886
605
723
993
219
940
633
497
728
226
381
517
514
986
782
678
108
207
508
808
482
792
309
180
768
877
131
873
527
934
140
573
885
914
598
921
668
862
365
702
480
968
47
6
866
161
869
933
547
820
274
665
849
630
493
442
199
253
613
965
128
214
181
213
884
123
453
522
265
151
554
922
221
162
728
507
450
867
10
310
859
384
215
874
314
938
394
415
563
893
194
330
961
825
671
200
526
599
18
167
628
641
141
227
449
986
37
268
400
468
666
328
148
383
819
605
680
422
66
447
161
616
118
134
182
636
223
390
478
624
12
206
960
241
771
239
151
426
931
855
703
533
5
965
419
884
282
861
550
511
528
445
593
409
320
996
121
169
483
563
700
987
443
487
67
860
64
539
6
745
647
324
384
253
320
700
170
58
885
158
569
24
398
945
800
220
115
27
609
499
989
127
550
728
92
6
150
450
673
572
969
976
414
701
44
270
989
549
559
601
433
263
481
250
273
659
203
732
698
842
414
237
781
4
499
98
576
29
577
272
612
863
928
190
608
38
935
505
805
237
376
548
582
661
423
92
980
99
370
366
113
408
888
161
242
40
195
752
288
944
471
112
443
841
333
502
954
1
188
755
621
244
2
388
996
402
278
995
863
236
37
130
754
991
604
813
315
262
861
496
413
958
32
106
637
22
24
532
283
392
293
125
11
2
551
927
116
502
529
552
559
884
482
450
852
350
102
814
754
666
697
768
729
547
64
868
259
205
59
861
521
501
853
455
705
957
575
774
153
213
155
263
700
679
396
170
885
716
272
727
770
373
45
563
975
461
604
808
658
81
385
148
283
400
289
123
211
978
938
164
440
618
801
127
45
468
809
278
477
655
856
449
569
542
604
741
479
630
856
594
277
942
526
140
489
42
645
160
402
985
626
269
450
591
801
424
397
172
927
932
642
174
469
907
426
6
894
166
138
951
586
542
846
715
479
46
83
630
297
607
618
546
58
506
374
477
644
117
752
382
279
44
435
801
886
744
142
105
990
124
53
339
425
671
631
440
55
694
344
554
988
662
578
458
96
970
144
407
368
524
456
231
308
120
75
979
5
950
676
318
903
64
693
980
845
161
731
421
215
495
840
54
289
553
800
770
576
449
851
6
198
443
610
19
480
393
158
71
603
417
538
495
124
970
723
142
178
832
821
189
910
833
330
364
985
704
638
326
867
990
151
747
526
770
103
668
703
795
543
829
297
541
254
284
442
336
302
170
92
263
68
17
963
721
939
839
570
128
625
25
630
47
781
862
603
939
213
472
896
727
572
100
626
62
550
565
405
489
884
520
866
810
631
134
251
794
952
880
776
389
978
296
650
947
130
329
882
197
8
752
557
852
768
381
955
156
744
518
585
889
152
940
251
200
4
494
518
836
400
939
926
27
252
151
607
82
677
275
703
525
670
684
705
426
581
343
751
168
866
193
399
710
631
611
334
734
550
809
620
648
165
67
545
640
40
404
164
275
873
759
398
355
251
68
442
74
824
15
664
672
237
738
914
65
156
862
239
151
414
805
140
834
39
367
447
228
433
347
392
359
720
631
478
687
461
456
87
63
277
336
648
383
863
721
793
443
403
516
159
276
492
279
554
641
962
493
337
139
990
591
276
350
79
729
469
746
599
781
588
925
749
813
238
487
942
358
452
411
651
906
9
463
484
785
29
348
89
334
50
825
67
771
640
545
658
153
366
399
649
976
505
555
913
800
677
799
87
370
602
977
151
344
721
985
770
553
358
555
538
814
749
753
563
818
408
835
779
795
544
143
63
700
935
814
526
661
79
929
167
450
200
267
807
236
152
480
199
100
330
685
162
896
998
72
322
376
288
194
961
130
170
765
635
251
189
899
261
855
760
512
266
247
717
811
65
597
743
480
718
350
584
27
939
638
166
435
88
329
71
426
996
545
450
62
683
801
554
982
334
68
748
780
722
934
963
686
462
6
961
518
741
355
509
643
4
259
815
736
746
447
924
765
420
704
196
467
764
973
857
957
857
966
229
173
706
808
87
275
54
481
522
398
609
129
807
173
817
187
21
225
843
970
973
934
888
812
457
939
393
25
587
71
805
873
88
398
146
42
319
51
929
15
754
192
457
368
95
375
606
492
380
588
3
259
612
263
554
515
142
821
45
708
308
489
213
231
773
490
636
282
576
868
267
59
840
967
242
425
485
559
417
803
659
603
848
175
434
103
668
910
791
829
308
274
894
512
890
889
467
84
626
584
335
149
329
136
457
413
627
210
768
646
45
695
125
260
181
433
360
755
955
525
574
675
419
777
548
672
394
140
1
879
598
671
310
10
918
608
927
95
878
389
670
898
331
125
511
917
734
246
59
975
947
680
843
557
427
775
976
596
593
815
452
966
709
418
403
176
682
529
163
398
335
220
857
363
991
319
230
70
520
848
9
650
530
722
726
623
837
843
96
42
520
389
488
166
545
175
602
637
804
237
107
431
330
851
973
365
183
151
298
890
62
736
908
275
80
251
954
411
711
41
546
883
336
797
874
205
724
97
631
157
944
844
40
761
302
193
478
590
654
403
830
810
277
349
674
807
987
118
954
831
66
807
530
873
924
251
114
903
809
20
62
373
241
2
551
650
215
28
276
78
476
264
21
651
17
29
248
584
897
343
205
27
659
68
276
652
101
580
94
455
428
657
540
489
286
321
125
546
527
367
906
543
381
550
475
417
860
804
740
200
380
186
320
995
828
763
652
965
457
80
415
156
956
836
599
374
98
211
49
239
926
792
341
742
534
958
505
307
955
887
193
922
165
162
972
539
338
965
734
533
455
708
52
170
141
842
30
141
15
310
650
574
86
761
299
168
599
828
181
268
884
844
764
162
524
388
958
159
789
408
138
145
738
285
144
708
284
571
860
437
832
264
837
883
803
955
565
411
782
642
798
844
855
130
865
805
238
896
532
985
214
60
652
621
750
745
729
921
556
561
771
448
497
307
592
934
113
412
95
534
23
537
269
61
346
302
664
441
798
178
838
218
921
217
197
128
982
102
506
214
542
294
699
362
869
521
162
523
625
792
834
572
29
845
399
966
209
514
680
23
174
100
869
264
855
269
233
927
333
508
333
417
41
268
619
258
856
863
142
216
273
697
22
378
838
431
368
471
175
73
532
881
887
727
890
814
340
699
884
245
778
660
134
771
777
735
34
29
443
371
611
228
768
454
579
543
654
877
264
344
929
466
407
671
155
965
294
807
866
111
233
972
986
762
574
182
927
86
724
713
269
970
812
12
631
522
2
393
276
554
758
625
438
258
133
70
487
330
223
600
434
193
565
442
716
937
95
914
105
5
266
571
185
738
735
840
688
13
561
212
961
248
483
555
929
898
115
106
792
813
614
521
201
385
118
104
319
94
595
184
282
225
854
693
155
754
530
15
143
518
113
108
776
733
389
414
114
178
88
212
96
734
80
738
656
500
471
406
560
679
309
432
385
356
195
740
438
797
144
849
249
32
145
556
674
787
916
854
296
804
627
66
42
280
253
511
426
675
803
987
19
677
787
994
532
334
117
128
824
441
749
155
327
409
759
917
235
676
954
901
805
460
630
700
473
350
861
48
493
11
643
811
754
610
740
871
942
819
834
562
599
746
790
959
955
277
923
848
975
608
904
50
920
393
348
7
407
504
958
239
966
384
295
931
815
627
163
267
507
484
266
68
73
64
290
175
101
473
195
606
904
25
738
491
619
600
248
210
791
471
650
353
303
514
115
716
461
552
263
346
394
252
984
433
169
994
134
495
970
15
811
299
50
492
612
49
274
244
567
217
817
127
172
911
151
878
335
144
877
654
135
842
745
288
827
408
691
507
742
458
113
460
370
542
563
587
413
134
683
449
473
142
800
932
837
126
848
190
643
223
299
639
537
273
719
857
708
700
488
912
660
560
494
739
200
616
57
709
5
552
327
681
747
751
173
659
592
189
964
190
254
223
190
890
312
476
726
237
210
262
118
612
650
819
68
640
15
151
208
6
716
281
297
426
806
678
762
990
265
200
891
516
188
219
563
848
591
831
44
295
361
273
568
174
586
468
674
312
283
73
455
680
291
859
252
762
681
929
772
512
448
951
908
64
146
626
634
981
26
125
402
591
641
617
112
486
438
512
641
323
739
885
930
464
794
13
846
510
977
399
159
607
587
937
277
360
80
501
314
166
64
161
740
792
210
483
797
79
908
689
662
77
471
828
204
676
979
153
150
261
37
138
443
492
629
21
59
537
34
461
737
287
534
675
358
284
966
895
500
562
425
599
929
212
290
823
988
665
950
589
227
528
186
919
390
973
70
849
735
89
313
309
506
743
998
45
340
361
21
142
925
753
706
357
78
426
694
924
880
913
358
996
41
496
40
201
993
705
177
537
340
901
554
387
75
91
530
273
571
49
670
424
492
314
640
609
598
38
343
268
611
921
712
454
146
417
786
622
365
51
678
159
804
864
459
475
340
503
329
137
395
378
752
149
435
846
637
271
988
459
132
50
871
787
400
431
817
105
155
598
880
432
605
373
172
47
585
67
675
95
221
703
959
881
690
321
181
552
462
126
217
434
258
329
690
116
260
153
555
428
329
767
732
733
753
247
85
993
861
874
319
632
107
827
596
636
313
454
452
448
601
630
902
796
664
294
365
816
109
294
753
993
268
455
231
296
670
766
787
941
361
696
89
120
481
915
550
199
476
469
5
317
807
12
249
665
396
444
688
387
38
846
138
425
415
383
230
825
18
762
151
178
787
291
56
962
543
631
656
831
197
453
252
669
60
220
294
549
413
107
60
312
188
207
613
204
745
792
352
568
704
669
463
662
569
290
84
790
122
723
989
573
411
526
308
845
11
499
992
7
624
913
25
846
656
298
915
340
679
750
784
66
35
355
73
635
488
672
867
741
84
329
451
631
856
345
819
578
525
338
955
355
403
885
148
490
984
70
432
350
221
677
106
40
700
931
657
754
508
355
297
378
727
614
862
508
946
343
494
616
792
594
770
933
447
468
463
178
422
310
622
671
510
764
706
419
676
245
108
317
307
220
163
360
367
823
514
615
571
666
911
146
607
916
149
459
501
703
147
249
685
574
653
982
593
647
240
416
795
623
833
339
661
414
102
126
182
479
338
73
950
487
699
352
440
38
794
849
785
953
677
533
457
924
400
267
238
302
179
472
879
781
172
8
360
120
127
673
793
481
510
818
348
352
526
889
628
146
875
975
270
183
582
981
506
223
976
960
183
704
649
643
327
235
546
146
207
255
509
902
914
51
261
571
162
3
957
775
363
251
490
506
588
933
762
733
455
501
326
437
605
662
637
519
288
428
580
772
751
814
320
732
927
371
71
753
543
72
101
850
176
1
97
363
509
820
431
129
305
754
677
406
715
737
479
274
128
564
46
640
934
547
698
76
769
22
976
832
476
97
906
553
783
504
597
149
561
615
189
163
656
452
891
625
897
715
998
835
55
805
451
858
339
742
43
217
671
269
730
31
986
119
460
786
140
546
744
855
257
800
447
263
369
578
956
329
387
679
84
842
702
315
633
480
93
817
154
580
520
108
53
903
985
638
677
820
634
601
709
591
917
560
341
886
314
184
736
388
980
573
226
45
126
56
964
656
929
543
890
886
737
199
127
215
368
522
706
713
973
142
641
844
923
545
710
710
958
738
223
756
527
172
63
128
700
886
51
277
49
181
703
428
669
842
288
708
338
770
485
544
906
549
709
538
551
263
138
284
311
313
450
445
569
548
312
928
77
738
484
333
69
451
733
770
161
872
310
166
716
990
917
583
242
417
418
874
275
202
529
846
554
66
869
855
182
154
187
340
73
680
535
390
208
654
983
102
127
374
563
699
408
371
175
354
330
56
25
68
564
40
128
717
742
33
32
946
321
347
973
12
259
510
32
754
40
70
252
725
660
41
782
85
280
34
816
275
147
116
7
798
179
561
25
152
588
250
197
577
289
530
776
237
542
980
233
102
873
520
525
427
472
287
930
638
95
949
592
16
839
673
599
832
16
389
65
24
57
492
356
726
484
771
290
337
298
365
71
737
911
252
182
255
192
783
537
943
200
430
912
809
626
803
211
217
61
305
276
931
45
465
261
182
589
254
688
668
943
528
956
902
525
644
761
854
994
613
767
310
986
125
714
430
794
985
625
805
571
107
542
109
195
370
529
394
399
758
581
862
132
5
66
348
504
237
311
854
642
230
761
27
932
832
677
640
104
948
487
281
733
276
422
596
888
32
107
856
307
44
17
828
249
502
596
155
93
406
598
698
751
972
316
570
32
606
376
782
598
419
466
731
578
714
761
502
524
400
103
809
654
102
420
118
670
383
46
382
865
739
435
107
960
46
722
15
306
196
274
793
105
907
929
680
411
383
684
897
186
63
711
858
540
863
681
952
70
93
186
899
191
217
268
114
839
480
253
462
875
596
382
43
165
477
821
324
649
824
820
510
714
942
912
806
891
240
62
460
990
721
261
693
37
104
371
533
9
861
325
949
714
505
820
388
475
466
433
991
132
414
129
942
231
699
739
576
909
564
887
519
138
750
648
820
200
177
375
864
632
402
199
64
991
70
111
505
929
705
632
340
874
892
494
298
632
156
811
313
961
815
349
173
748
632
782
246
836
315
340
827
405
565
493
380
899
548
297
455
868
450
61
236
96
236
850
597
685
211
986
171
463
292
834
579
964
642
210
149
921
101
513
116
726
637
108
974
869
622
658
680
857
200
163
343
730
141
129
969
643
25
564
476
408
221
550
635
796
305
395
8
788
415
450
357
84
596
189
17
641
144
942
758
541
576
413
597
362
391
779
529
440
352
466
629
63
87
264
156
468
60
850
682
64
779
517
222
829
151
478
464
32
29
715
695
878
75
266
247
306
786
284
302
428
318
896
317
553
706
892
178
829
209
862
656
242
354
58
143
239
821
550
423
495
173
303
226
378
497
52
779
265
434
995
608
78
112
297
683
624
835
172
592
790
587
192
299
252
227
867
72
924
773
328
968
275
26
716
675
1
493
224
89
421
162
653
661
126
628
892
440
353
603
495
322
92
668
682
161
681
233
364
88
834
695
43
834
970
596
20
406
596
407
713
729
414
99
563
124
827
559
61
293
486
260
445
531
111
639
564
523
533
497
440
814
106
308
121
270
395
169
684
174
371
40
128
740
318
701
612
368
833
682
907
251
628
389
462
196
53
930
1
287
59
377
470
204
994
842
711
126
806
219
709
396
774
748
202
824
706
44
319
881
671
214
605
126
637
757
956
273
278
943
408
613
56
587
34
633
598
127
721
308
239
330
953
510
189
168
441
726
135
376
819
109
693
385
891
991
717
453
187
475
454
955
428
660
23
21
981
100
870
687
9
57
198
514
273
437
410
186
93
952
319
529
622
153
72
776
395
218
805
698
608
199
894
742
991
789
745
753
208
268
481
340
452
534
36
422
919
847
244
235
586
386
642
724
699
168
821
25
870
724
790
190
587
711
921
268
986
622
702
764
116
536
226
913
379
708
152
241
635
22
506
519
275
568
425
498
449
908
398
408
231
851
450
146
964
687
503
159
884
808
34
372
168
226
853
820
571
533
658
461
999
430
481
718
775
961
924
581
544
784
527
160
295
394
807
549
267
628
671
886
62
780
242
555
586
104
308
708
487
96
831
483
723
609
484
291
304
516
635
272
126
719
800
767
729
799
363
889
990
707
724
692
911
226
31
559
396
40
179
95
370
64
449
710
997
356
444
435
321
426
719
541
539
402
596
661
72
183
220
858
567
693
339
447
309
214
139
241
379
691
38
4
927
315
854
874
248
936
413
482
439
281
129
775
245
852
968
694
312
912
9
286
960
442
847
12
40
8
593
768
248
685
495
537
212
573
515
985
418
440
848
157
583
138
36
233
711
42
183
591
356
301
284
201
644
373
549
196
856
520
193
799
230
113
724
664
323
921
896
875
319
266
201
598
137
590
908
491
941
888
704
922
809
247
533
49
413
338
256
156
464
28
276
854
83
208
163
954
96
723
485
62
814
587
494
517
224
540
421
224
551
569
455
193
65
626
22
608
472
175
738
459
496
288
805
448
674
786
863
72
414
283
962
932
835
454
948
934
954
277
555
396
944
887
803
826
380
8
288
299
885
988
94
878
371
522
354
794
366
971
163
918
631
423
490
583
351
594
357
50
137
90
272
161
185
578
465
780
709
674
427
176
666
983
314
633
735
195
152
496
601
381
112
23
321
410
372
563
592
477
111
776
780
414
733
497
403
715
891
927
812
988
185
142
693
196
263
838
792
487
200
729
313
515
442
539
458
107
690
247
117
445
626
343
44
788
769
756
359
173
724
113
761
398
54
315
475
926
751
681
843
57
962
818
334
639
948
177
562
608
749
648
740
625
1
569
578
196
506
465
552
210
348
800
88
814
459
975
838
72
260
61
805
848
242
644
277
23
479
400
541
877
228
608
206
943
157
25
671
172
883
864
767
880
99
103
432
160
512
350
857
520
640
729
930
55
781
83
930
341
782
518
660
113
536
798
441
988
516
251
791
219
312
594
880
393
44
839
535
519
30
430
302
478
232
649
271
332
250
596
931
341
494
274
903
807
705
743
971
671
91
291
485
16
806
727
813
206
282
403
505
809
656
192
425
266
740
472
752
346
458
941
156
453
910
785
778
82
447
562
715
25
960
909
766
792
110
87
146
384
471
343
905
985
187
980
882
70
250
64
544
316
751
822
15
453
634
901
329
939
544
738
395
984
907
217
858
140
749
779
44
27
878
200
16
360
509
2
502
855
537
272
696
725
985
513
539
421
637
532
479
269
19
794
683
132
812
338
381
913
943
108
565
287
427
780
16
623
145
455
90
681
798
349
848
15
109
841
521
669
684
848
196
417
238
661
137
873
707
811
216
331
952
450
905
444
282
870
833
949
73
845
79
992
329
387
214
944
452
976
525
123
664
842
876
458
146
221
440
368
169
639
588
696
680
678
196
226
326
240
96
429
816
400
123
138
972
73
677
114
865
251
753
730
30
411
521
762
399
741
431
654
52
957
462
759
798
500
610
593
709
348
664
