675
470
316
831
982
367
353
899
40
931
637
370
693
214
376
503
133
486
68
605
48
723
89
545
259
849
343
138
828
199
56
26
372
418
372
143
14
568
64
785
70
442
893
903
79
128
193
740
231
386
329
275
773
944
599
847
549
979
21
919
277
664
24
436
966
615
20
39
335
903
550
748
793
540
409
223
715
128
146
917
302
288
59
598
645
60
675
138
682
99
503
926
626
468
678
830
516
619
7
617
371
163
994
742
659
598
415
532
843
357
286
157
481
197
944
694
640
326
743
562
728
65
452
150
242
308
19
585
415
294
85
57
574
398
143
493
955
476
882
412
70
19
913
514
414
768
882
638
209
255
991
276
759
413
130
343
320
343
590
150
737
29
960
244
506
132
131
953
763
141
996
877
775
255
175
961
908
852
985
688
636
785
244
424
236
783
498
416
442
160
889
460
511
641
648
164
494
833
151
540
621
949
428
832
134
479
881
672
666
228
538
380
691
906
435
486
573
96
769
539
66
826
383
549
192
671
674
996
458
969
30
755
125
915
43
30
951
226
129
84
860
732
73
390
755
945
126
629
59
411
990
457
238
703
108
619
985
675
738
868
748
398
790
932
599
786
525
642
562
493
4
647
529
851
805
308
747
264
403
859
372
159
626
419
99
287
955
467
15
928
472
943
964
502
898
63
979
693
572
391
439
880
246
259
913
833
876
663
888
598
676
699
723
282
909
38
167
407
616
318
950
298
74
196
385
739
478
52
869
517
262
129
738
110
655
643
855
285
836
414
224
556
78
697
167
547
387
638
291
632
558
209
646
614
243
538
573
711
22
967
196
926
70
295
213
817
392
909
792
8
47
510
513
757
323
106
838
815
700
549
318
840
989
901
399
421
642
570
616
815
529
152
734
916
35
283
609
303
283
717
155
648
750
102
98
430
311
385
649
459
504
171
362
594
947
612
407
371
118
268
537
798
519
803
742
389
450
60
711
527
439
587
774
975
796
660
573
670
180
101
671
759
231
261
76
36
623
441
138
618
627
287
83
985
883
209
598
220
698
157
219
681
925
24
738
505
948
218
413
733
225
173
655
252
523
863
975
572
767
995
442
810
87
408
618
872
917
27
923
490
763
150
715
911
700
984
303
10
147
33
119
343
416
416
467
524
279
995
53
908
960
261
348
487
92
448
962
813
622
777
285
48
791
170
38
804
948
106
362
137
953
158
178
723
722
675
725
367
68
901
112
478
964
46
261
772
12
469
671
914
552
919
812
951
876
241
770
806
698
886
149
390
836
214
580
879
192
588
363
276
141
922
857
770
731
230
867
630
816
529
659
75
792
690
378
582
429
711
289
934
277
155
703
807
576
787
750
975
670
171
860
834
747
13
199
337
570
457
881
786
387
809
908
834
411
81
1
844
58
694
982
149
935
554
963
520
652
899
943
935
498
12
519
867
865
280
41
473
341
651
779
186
839
681
772
742
574
975
978
952
737
848
943
283
610
804
518
203
187
489
649
254
668
360
264
759
3
534
256
540
213
56
482
525
781
36
684
384
680
550
499
219
731
776
223
714
763
887
296
745
881
80
124
860
5
42
225
760
190
858
842
53
232
789
523
735
122
903
349
723
755
170
544
494
491
446
764
973
429
14
41
327
287
567
918
754
478
52
821
611
815
818
102
674
852
25
986
393
891
381
553
712
892
892
540
308
168
515
896
197
244
817
464
684
586
102
625
280
485
208
100
566
269
133
714
107
944
274
622
719
944
823
964
335
477
856
732
279
921
932
688
412
56
139
397
311
1
824
79
157
567
885
80
221
15
221
198
531
673
535
534
521
214
1
79
897
198
451
776
825
325
66
486
680
700
409
334
938
429
503
14
857
165
978
402
823
885
548
664
973
536
5
2
555
694
98
593
892
128
71
447
836
626
753
249
425
804
231
241
204
167
654
28
550
969
256
56
987
31
884
525
904
896
449
405
134
122
968
875
620
871
997
621
146
133
496
127
428
427
35
630
263
199
805
172
19
97
675
254
69
660
854
989
171
12
472
7
144
63
981
308
224
828
618
532
386
784
20
606
152
747
281
63
488
451
780
29
506
364
132
526
673
296
438
1
713
939
499
454
270
149
626
333
916
960
293
491
500
551
269
721
122
85
813
215
288
517
287
597
539
574
851
756
267
834
841
824
602
434
837
628
387
18
797
295
701
634
965
39
893
268
526
447
203
878
373
312
600
283
739
268
49
68
991
257
257
737
108
241
421
526
725
171
965
905
99
535
64
98
307
633
242
754
913
251
926
632
100
726
811
222
904
821
63
927
765
957
875
470
333
677
840
926
760
140
375
161
638
814
451
790
53
979
874
799
123
82
874
135
630
835
103
211
142
358
805
466
951
659
109
542
670
442
315
267
211
523
405
579
272
106
982
977
527
186
395
200
580
580
195
161
845
91
485
647
661
783
102
209
53
240
262
753
632
77
354
412
580
731
380
20
246
289
184
531
814
748
828
670
492
949
377
799
751
354
279
610
680
427
270
296
483
74
839
672
646
289
633
692
383
58
613
685
734
133
487
197
656
218
490
320
893
934
220
144
823
226
943
273
547
747
456
220
94
342
90
978
559
25
547
305
835
988
248
792
651
769
342
635
679
409
818
542
362
601
399
127
812
713
414
204
440
513
184
404
448
211
999
144
54
218
198
35
394
412
702
468
194
661
772
600
235
32
594
278
239
491
56
576
670
484
169
3
909
663
664
627
587
834
870
105
9
12
422
129
457
814
58
503
959
705
845
436
703
434
582
511
162
566
931
200
200
501
7
380
106
714
574
5
679
541
260
750
108
766
723
111
68
229
434
142
521
439
377
667
621
592
540
593
628
393
137
217
524
220
144
252
806
508
590
391
99
269
92
354
389
506
70
726
735
18
426
388
927
492
301
124
304
313
179
56
164
198
330
489
338
696
885
138
283
689
566
586
791
603
94
820
690
680
229
624
681
248
896
305
238
931
104
602
656
135
447
507
648
788
318
689
862
825
439
455
19
285
855
136
187
27
185
777
456
614
287
632
825
985
411
448
310
582
680
799
652
922
772
293
786
110
147
689
816
765
16
451
133
365
906
467
925
604
506
535
438
183
889
978
496
14
303
630
70
648
250
740
25
755
540
393
642
436
729
460
321
349
204
684
59
144
637
217
596
296
506
584
455
805
536
803
962
159
898
796
878
238
207
263
916
955
180
369
995
28
464
207
212
954
288
919
106
756
537
104
86
522
520
80
622
939
238
987
624
842
423
403
720
139
212
12
981
5
952
216
919
973
395
131
636
261
682
629
310
872
773
724
85
59
224
471
574
832
338
40
703
247
987
26
506
950
347
334
114
702
18
122
134
840
61
763
980
984
994
333
528
533
681
301
496
915
981
422
478
711
148
107
601
411
123
450
81
32
578
611
90
819
610
935
933
695
55
775
255
215
101
771
961
993
181
338
933
33
278
326
258
450
417
460
587
542
279
748
57
539
21
461
848
975
126
739
839
72
653
316
16
932
381
865
909
254
814
181
647
764
529
100
356
760
747
895
226
396
769
149
800
737
708
527
121
333
209
747
648
677
572
655
700
808
513
112
658
118
469
915
997
317
928
631
819
748
434
349
734
303
435
614
265
533
870
397
51
492
823
957
228
866
210
307
870
798
83
206
917
590
132
111
466
907
981
734
179
702
918
920
952
915
254
364
966
410
750
437
844
24
252
472
847
706
127
303
799
197
978
437
458
971
71
510
888
426
450
215
284
397
489
22
287
92
226
728
653
113
33
848
431
286
342
540
824
755
611
919
229
36
532
939
499
240
166
732
437
964
320
434
379
25
351
172
138
365
760
398
754
132
23
207
592
224
715
925
355
926
588
755
327
436
350
710
533
823
582
475
980
672
130
338
970
771
92
331
955
389
117
240
908
419
381
638
970
555
296
497
849
217
582
797
913
737
264
305
367
734
958
741
246
367
883
184
400
645
446
611
254
171
457
966
816
939
193
21
935
547
837
616
360
446
702
559
166
941
190
265
908
463
698
616
73
499
303
642
683
39
832
106
108
527
435
207
756
353
643
978
812
444
132
292
535
270
918
400
908
799
269
519
34
804
340
933
669
512
567
173
380
947
454
515
300
192
294
819
476
857
303
929
918
798
901
373
914
126
535
477
553
258
894
221
102
112
296
120
415
91
17
651
109
41
863
911
740
468
315
528
409
585
386
967
664
124
871
958
772
896
910
612
55
660
80
284
333
54
666
232
765
915
619
494
717
796
881
749
133
416
848
450
373
602
613
398
19
227
760
423
406
311
184
693
420
703
277
986
607
396
128
783
338
125
427
993
146
160
635
968
920
859
16
783
925
516
780
316
119
291
943
607
156
737
872
9
994
543
623
136
821
725
221
362
853
83
639
627
108
435
406
234
910
27
920
55
231
107
429
172
645
476
714
684
238
678
788
309
476
639
933
237
759
916
704
930
404
144
110
191
406
13
567
576
999
125
400
77
584
560
391
685
592
522
946
270
430
135
311
704
206
891
128
353
619
921
888
585
998
494
528
751
150
56
46
251
795
882
297
492
510
304
176
762
837
102
954
325
439
241
706
891
18
661
306
877
940
914
91
87
521
713
679
506
481
597
668
593
222
219
789
188
930
246
683
56
725
802
778
940
328
989
486
481
613
258
923
708
626
331
281
510
454
846
308
854
801
314
567
779
360
756
908
313
469
549
599
935
861
818
857
822
129
739
762
172
681
314
10
574
231
113
576
125
135
791
617
545
24
893
580
784
944
772
445
306
431
777
937
264
311
753
902
810
695
753
504
696
176
498
193
271
719
906
824
497
35
143
183
605
779
315
70
293
565
831
810
505
248
559
828
666
90
272
859
987
46
665
6
334
283
420
247
995
714
334
446
377
91
654
251
477
499
430
989
719
770
656
266
347
468
718
135
400
979
467
370
590
619
367
44
860
685
293
843
236
271
924
195
405
218
584
506
894
299
488
621
757
133
310
749
390
277
843
8
364
259
285
197
568
408
643
670
379
807
706
706
301
92
618
529
9
508
410
507
324
888
891
362
355
888
826
679
693
167
928
453
406
433
862
424
213
921
638
773
187
272
315
330
356
288
830
325
378
387
209
884
692
436
498
425
200
673
491
411
268
865
772
574
830
875
384
461
156
439
468
115
748
546
968
669
3
959
621
576
324
17
981
342
13
213
319
343
663
635
608
184
211
989
77
66
243
87
394
203
129
943
36
983
14
823
353
28
503
467
830
228
98
113
397
724
877
991
530
775
619
842
830
798
431
473
785
465
214
117
451
875
913
596
145
400
277
595
367
292
615
981
783
67
483
12
147
760
672
852
845
102
154
837
316
816
6
151
432
520
500
197
639
539
761
851
130
368
421
536
346
550
818
391
664
834
794
17
634
698
962
854
251
353
628
321
225
15
214
228
449
827
762
828
378
814
800
535
651
360
762
267
667
239
919
572
502
473
336
184
334
54
695
474
413
940
308
19
848
232
801
757
980
404
656
720
236
542
538
992
596
464
57
868
895
977
473
540
339
426
431
87
257
583
626
971
787
89
263
681
865
631
746
647
14
670
464
381
451
561
461
699
763
155
991
215
716
547
886
169
446
17
314
37
597
90
871
512
718
989
760
693
339
619
569
824
619
5
322
444
166
472
311
175
502
905
873
770
176
210
902
551
792
670
754
303
308
519
950
303
915
137
280
828
363
1
706
969
43
192
524
174
144
25
95
987
499
496
116
278
832
424
296
441
688
61
76
377
930
931
527
460
52
286
841
540
188
173
307
420
583
807
297
176
40
366
384
839
121
501
274
439
466
526
125
397
640
26
969
453
913
498
669
642
228
268
205
394
839
536
499
749
445
977
848
903
672
532
227
693
879
601
983
335
591
108
552
902
54
882
703
828
719
654
925
483
257
396
962
616
803
626
378
175
571
221
881
967
421
646
481
574
568
291
687
544
826
888
943
776
158
964
444
510
715
584
729
16
560
449
646
313
877
340
722
132
550
584
396
473
415
420
218
330
433
205
925
958
660
753
528
807
815
528
28
585
982
488
522
229
309
46
351
112
451
281
307
247
673
94
613
295
484
678
865
974
32
513
864
603
611
450
107
945
515
360
301
68
349
906
756
209
68
245
571
477
148
906
633
19
263
75
611
385
413
383
863
891
581
553
435
986
830
941
385
169
849
939
703
85
446
136
497
649
222
780
677
873
283
441
350
412
614
175
361
901
552
383
182
360
599
89
414
634
367
884
761
108
653
549
47
123
997
714
842
467
285
504
13
615
879
232
620
638
539
230
672
568
282
904
8
469
381
520
82
980
80
246
15
829
765
904
192
18
259
330
249
162
743
954
331
79
701
786
833
84
241
160
922
57
95
264
796
26
299
422
142
854
893
312
845
432
718
219
173
363
71
139
328
850
667
892
429
392
705
44
125
50
787
611
918
874
457
916
538
345
160
503
1
95
273
612
151
979
376
741
867
102
111
903
448
372
6
515
38
138
69
591
473
842
808
175
51
685
399
438
336
969
115
229
879
19
866
513
785
543
596
516
600
14
624
648
120
534
299
899
801
196
260
587
619
903
28
843
439
93
844
794
493
976
756
86
578
818
366
349
675
84
874
83
855
752
968
424
574
354
210
297
426
246
863
790
348
517
545
322
2
200
339
417
857
264
868
884
282
120
386
261
155
445
799
506
257
308
925
306
137
801
5
734
181
255
919
251
866
809
367
633
207
5
278
385
914
829
156
280
146
297
459
388
823
963
803
446
766
783
83
692
502
729
225
374
654
264
889
372
469
663
286
333
13
893
591
952
401
879
432
716
612
948
286
221
370
910
468
751
449
110
640
297
601
446
997
451
871
254
127
660
381
223
330
535
743
78
444
897
594
717
964
679
668
174
772
727
515
607
852
577
347
889
567
794
727
381
923
433
550
496
938
76
687
616
430
508
429
50
941
904
329
379
642
921
217
912
128
127
785
480
570
242
381
744
57
887
674
449
537
849
661
230
748
795
261
819
558
539
399
905
801
644
448
848
540
688
80
147
913
771
813
214
996
968
534
103
830
730
841
678
447
41
779
489
846
284
129
545
541
83
850
449
781
293
235
48
448
324
508
503
974
985
366
671
330
221
813
815
251
829
338
22
398
684
63
781
668
400
887
581
665
642
176
493
345
440
981
549
678
826
788
715
249
343
657
136
240
238
29
761
273
486
284
808
582
120
827
269
119
180
205
634
680
280
555
12
457
760
895
562
42
793
627
529
990
149
4
521
985
589
123
46
344
600
762
406
200
890
31
380
612
96
815
9
128
415
238
752
954
273
734
601
818
62
861
416
83
997
540
354
462
787
125
151
250
464
971
690
359
89
987
225
201
182
766
680
777
964
738
682
175
588
929
303
644
859
550
654
925
478
151
816
153
726
893
241
623
773
258
911
618
22
690
810
418
890
478
212
30
55
468
662
61
731
828
52
141
118
453
261
462
865
796
573
889
24
218
824
247
521
592
384
77
803
648
14
537
670
801
919
34
637
940
44
141
232
682
375
383
39
600
638
44
982
931
638
981
379
161
207
429
721
211
725
172
275
475
544
562
561
177
857
80
174
991
8
530
531
833
376
282
978
710
236
134
109
272
134
478
591
93
622
646
603
902
758
540
716
681
80
506
516
100
815
219
968
590
576
369
902
494
519
408
811
832
999
66
15
393
861
654
798
757
985
391
438
327
149
338
763
940
398
192
475
474
919
74
403
132
102
967
903
868
936
381
95
393
566
404
256
156
289
150
686
71
493
997
649
894
383
598
933
699
166
786
677
18
192
309
516
745
639
747
227
555
393
247
139
124
368
117
674
212
112
137
505
752
846
240
692
796
478
234
410
708
138
910
459
828
341
424
745
552
49
689
791
106
58
846
69
144
75
805
203
384
667
361
169
263
729
355
351
642
8
399
163
752
180
675
202
611
392
873
297
942
519
707
71
652
408
670
851
938
368
952
523
366
182
968
779
342
407
670
499
179
167
814
574
835
869
920
390
75
331
700
225
443
266
169
905
768
264
721
665
763
923
31
737
456
982
293
724
881
984
501
486
816
913
758
704
468
533
219
124
972
521
893
28
184
687
979
123
110
245
229
975
129
663
113
257
543
263
956
759
433
231
107
841
782
369
81
258
272
678
880
35
510
668
355
425
9
476
862
476
86
735
346
795
437
904
917
238
959
931
571
963
738
837
920
217
999
322
593
451
131
520
585
222
908
568
384
584
707
89
447
531
280
417
145
15
601
511
347
983
740
573
329
471
360
741
602
929
319
854
708
230
352
383
560
381
585
645
397
290
35
282
295
782
16
246
477
159
308
988
319
711
114
827
384
716
360
724
558
610
326
196
653
29
403
935
65
570
930
517
66
951
974
480
801
531
519
722
628
541
716
596
389
304
359
420
361
220
512
328
584
986
787
643
714
13
858
939
520
577
17
472
635
105
196
534
332
395
163
676
960
109
445
156
789
793
406
333
760
829
459
843
316
467
81
458
534
282
451
308
391
601
136
629
907
703
499
802
126
858
240
435
690
702
597
100
122
125
885
637
369
326
108
475
724
991
769
923
200
177
843
641
594
802
415
102
197
397
295
829
508
544
590
591
125
884
822
381
554
481
952
110
258
858
647
35
299
572
20
590
595
78
254
164
518
938
739
947
349
364
45
794
205
551
200
835
23
693
649
806
397
404
899
28
713
693
730
232
164
355
637
632
984
877
982
908
405
676
146
852
674
78
796
150
574
810
872
933
513
946
155
246
334
433
71
291
988
557
390
61
424
999
609
299
645
121
863
409
490
496
153
719
225
796
610
787
985
471
734
515
44
924
242
261
607
986
34
265
175
989
641
399
5
639
356
64
320
950
97
780
83
694
532
148
57
818
642
454
55
461
785
570
242
911
311
250
739
958
581
789
288
118
361
849
856
828
151
381
519
358
498
7
856
49
61
797
657
531
313
5
645
427
199
563
332
522
710
354
980
865
156
350
247
339
947
243
516
383
796
447
381
60
506
347
171
885
429
722
823
783
279
140
791
281
84
890
91
55
36
502
627
595
835
459
111
74
405
590
120
564
684
901
754
334
391
65
323
857
399
529
390
881
359
428
675
773
33
390
862
650
144
912
858
778
428
199
610
764
450
178
786
794
603
744
184
100
602
104
686
514
590
971
831
497
831
70
799
873
14
97
940
412
802
315
258
635
151
437
616
889
817
544
383
441
816
189
887
761
659
865
806
596
421
178
881
306
504
447
376
323
148
916
492
960
269
880
96
701
871
809
446
451
890
704
684
145
700
758
439
871
964
322
185
609
743
238
539
769
250
442
137
343
987
727
983
540
45
917
679
579
509
973
797
928
695
152
153
582
813
76
757
765
974
32
358
681
442
950
532
142
377
113
855
268
14
456
946
732
429
694
155
60
868
510
75
611
659
262
643
215
170
428
266
373
653
471
701
32
593
152
800
286
621
684
36
213
507
863
312
739
9
894
799
115
85
469
346
235
864
523
392
755
1
218
306
176
58
869
419
311
624
268
619
333
854
248
120
216
823
756
268
905
11
908
437
911
585
444
912
477
195
529
257
211
182
948
152
614
579
476
74
279
882
673
692
478
767
646
510
721
980
629
241
463
214
6
357
515
125
12
319
937
231
706
653
839
989
467
355
71
614
47
781
713
563
374
586
117
815
436
549
461
664
864
938
948
536
975
35
39
113
868
650
838
770
573
512
351
235
969
972
727
855
131
24
172
439
213
939
172
953
651
368
649
868
697
150
413
749
768
382
474
935
408
958
698
968
874
940
744
993
826
409
789
832
102
439
902
96
52
691
401
341
925
642
643
733
300
224
202
205
165
671
537
27
368
673
656
438
618
315
117
255
325
643
601
945
955
897
922
738
328
2
148
149
438
935
436
994
633
249
51
543
863
140
506
846
647
26
144
720
726
459
343
572
663
688
878
957
798
457
413
970
768
58
803
328
675
232
865
934
713
251
263
870
984
520
589
614
145
55
785
928
63
630
547
335
101
217
640
321
157
559
117
277
505
714
677
531
684
373
23
663
613
465
111
620
820
787
384
738
662
21
745
282
4
123
76
918
209
774
778
263
196
553
997
254
804
168
744
406
435
259
755
726
960
49
772
41
232
452
586
504
808
552
590
215
548
419
896
249
58
469
433
458
605
484
188
656
603
551
868
602
6
647
619
544
724
91
979
290
597
123
659
612
688
904
73
80
132
86
362
123
102
844
470
476
894
28
325
4
182
198
758
7
907
49
906
762
317
790
799
729
836
844
932
780
139
27
173
211
678
478
529
414
191
900
773
372
911
904
514
848
68
967
963
746
15
657
371
436
827
427
570
835
888
515
574
739
187
636
360
808
979
773
486
168
579
650
375
233
371
427
921
412
858
486
207
591
360
787
737
604
735
579
383
966
590
245
868
788
631
44
267
226
971
274
849
605
972
243
864
704
83
424
699
657
179
667
506
367
926
501
4
843
959
636
194
62
758
336
768
25
574
246
914
898
340
273
294
546
800
733
313
687
264
590
57
817
276
690
884
685
772
920
941
466
355
186
279
334
233
920
75
680
197
852
66
853
781
314
708
812
765
584
578
217
205
130
665
353
655
371
277
640
387
379
358
409
124
23
14
459
654
855
146
255
284
29
355
308
236
72
865
193
613
723
202
205
600
446
650
176
982
255
528
747
183
840
235
7
529
716
684
724
125
660
877
2
700
769
4
799
713
27
668
61
511
841
91
502
994
157
354
984
714
470
45
800
63
5
413
752
271
801
340
771
478
382
526
133
848
815
926
658
634
828
545
657
802
431
134
458
662
802
941
831
296
64
230
172
337
765
210
913
446
886
91
803
11
337
467
491
610
937
199
867
781
34
212
652
972
767
475
183
733
802
727
238
961
204
626
58
312
254
208
374
83
65
464
276
808
957
640
163
220
371
87
594
792
602
850
573
427
273
648
885
4
190
929
763
157
607
356
167
972
988
619
890
732
184
750
333
133
332
396
933
87
892
675
574
332
382
81
941
249
23
707
372
411
765
77
590
121
448
339
393
92
477
850
546
825
185
736
955
946
501
70
778
656
947
394
36
414
575
816
419
378
817
116
536
350
877
194
93
205
263
100
635
311
887
77
857
993
709
490
908
792
816
576
659
286
682
511
922
690
725
258
937
28
483
19
224
946
726
558
882
294
777
663
93
339
977
817
773
365
165
518
958
138
953
614
519
947
533
590
910
180
986
938
310
836
69
658
554
619
671
206
519
593
767
393
705
595
959
857
947
177
629
77
232
365
141
352
252
814
978
207
351
965
20
640
119
537
850
717
187
839
526
369
300
140
40
988
286
811
785
503
775
756
257
665
289
995
193
413
307
261
354
23
242
522
314
222
455
732
457
460
627
841
656
902
649
385
543
516
488
552
306
989
698
558
542
998
841
321
398
659
281
159
539
308
713
41
602
753
809
638
743
936
528
903
515
397
924
234
27
349
298
885
687
161
265
805
69
712
588
447
864
99
503
362
842
892
715
231
757
937
585
619
206
449
928
653
640
55
657
725
522
307
773
394
345
699
775
653
15
772
435
914
317
236
187
149
153
355
959
378
497
560
473
172
218
372
583
640
792
748
718
544
388
857
214
453
544
222
133
564
53
491
149
98
304
874
295
121
964
590
677
164
755
921
8
783
442
975
398
228
910
142
567
947
22
348
329
651
524
726
984
767
742
865
243
844
135
155
677
846
862
169
228
263
965
867
624
157
713
862
818
682
571
857
676
65
373
455
724
337
680
864
56
682
960
155
265
917
174
608
123
193
106
918
188
696
941
224
576
499
927
120
153
881
980
345
102
387
117
639
489
253
351
366
487
398
498
289
188
790
363
516
635
541
696
882
448
181
945
71
514
696
892
890
897
8
514
92
474
910
31
559
426
240
140
634
425
707
713
896
18
777
769
139
651
4
684
607
625
768
603
548
783
572
778
777
385
575
778
646
19
169
426
555
706
102
503
103
971
799
861
728
521
115
467
157
735
712
963
365
325
442
993
836
447
85
85
836
487
285
343
485
85
840
446
444
267
196
524
587
550
588
716
182
520
480
275
281
512
775
13
88
164
321
909
435
734
13
966
548
959
946
281
230
95
433
411
881
325
874
900
164
540
578
984
517
886
57
887
357
260
253
280
276
769
447
452
90
36
196
773
571
229
555
866
34
918
537
625
693
30
522
227
596
923
571
174
581
526
353
879
187
180
70
831
417
791
835
745
68
590
695
669
46
963
690
632
614
908
82
659
918
375
813
674
690
180
775
66
307
556
681
960
395
827
727
186
310
670
25
899
954
983
986
582
343
695
267
955
293
510
52
287
221
745
102
485
386
56
169
225
783
975
2
736
750
427
379
747
210
265
173
244
35
72
605
214
285
441
843
750
859
688
525
396
990
605
652
296
539
983
246
62
354
404
361
504
793
236
482
333
244
502
3
164
147
855
393
745
648
478
570
701
464
704
671
241
527
561
931
22
364
603
435
286
746
644
244
43
822
756
331
767
660
359
651
495
976
978
594
324
81
802
726
647
972
6
959
984
700
951
987
770
792
908
950
523
285
258
869
271
954
916
894
593
181
340
898
466
467
38
376
721
292
486
588
47
462
822
763
468
594
578
509
663
773
443
814
28
38
267
952
315
52
900
438
676
135
968
391
241
182
166
549
593
298
233
106
134
940
238
251
472
237
822
648
399
790
171
13
566
454
957
268
857
853
836
559
850
906
759
351
88
82
212
618
964
902
953
102
792
324
76
657
367
552
1
917
208
976
982
809
635
535
398
769
286
572
282
975
808
992
771
185
452
784
618
30
388
124
150
948
467
358
722
160
898
279
498
770
799
632
885
782
680
173
709
330
200
731
238
807
752
281
180
413
444
771
482
256
662
54
171
295
961
468
190
510
888
763
185
781
569
769
410
784
714
955
946
457
337
81
932
543
560
831
636
158
870
544
755
772
19
234
987
832
375
381
63
808
760
714
16
615
200
316
897
746
700
23
145
936
632
496
70
310
102
204
912
27
107
120
926
620
216
427
847
693
140
223
826
617
148
640
745
877
420
139
6
700
296
582
808
469
669
671
552
317
31
650
626
800
775
764
484
692
913
595
42
115
784
809
218
33
34
850
963
156
959
115
673
830
326
468
569
723
13
563
443
796
257
383
932
101
184
612
943
60
482
577
717
738
304
482
760
88
520
715
114
258
891
640
265
461
958
773
162
635
621
960
69
667
645
485
923
728
717
419
508
909
415
100
324
318
859
344
714
834
696
865
992
603
577
146
388
353
890
458
458
800
627
542
327
657
202
763
498
208
964
542
159
373
976
520
467
726
578
308
268
317
520
920
542
447
111
852
551
137
22
36
160
897
802
503
531
470
559
453
297
684
160
289
285
578
568
691
315
945
344
170
124
433
612
553
425
497
659
762
930
523
88
929
32
998
287
917
542
33
559
322
160
266
411
611
463
303
976
108
468
547
796
448
519
140
102
392
400
860
912
433
775
203
44
363
412
951
529
536
166
355
961
353
210
462
246
555
209
990
378
423
526
74
445
540
47
677
815
957
815
127
672
357
723
739
433
300
333
992
795
721
437
680
929
58
846
773
703
543
196
626
29
237
297
480
169
87
716
210
741
648
81
488
177
955
996
282
912
984
291
911
559
769
482
459
101
118
904
100
567
600
70
764
757
170
625
828
549
188
793
927
136
217
42
630
703
709
781
444
861
741
286
316
561
117
9
299
279
153
482
376
766
689
625
15
947
967
198
798
846
142
901
42
774
418
150
204
158
923
591
659
940
146
140
63
101
529
458
895
320
92
811
43
42
493
968
782
247
652
217
904
67
569
888
629
24
307
414
688
259
607
798
536
558
699
307
312
626
274
522
393
381
13
237
619
568
359
404
260
250
706
649
585
479
512
362
522
673
131
726
237
906
993
694
138
644
466
445
393
853
500
497
603
291
186
483
749
832
799
844
587
905
338
848
376
998
399
162
457
284
537
823
27
16
813
814
359
389
163
884
454
507
102
695
746
322
24
81
580
492
984
251
497
128
234
299
201
487
559
97
781
59
579
214
992
577
59
637
86
17
61
822
815
138
294
814
281
687
543
571
891
880
587
364
298
785
281
908
432
193
536
261
566
855
785
8
243
655
51
538
805
271
251
269
679
59
3
972
598
947
28
258
335
416
846
943
490
516
504
40
562
523
68
777
416
981
827
677
922
430
267
8
416
502
534
523
886
93
581
667
226
751
220
239
330
822
63
378
299
950
608
247
505
7
776
86
319
16
811
97
723
435
549
140
495
614
989
366
861
759
578
743
443
139
209
684
934
559
965
44
201
754
812
562
696
146
45
609
836
934
340
440
605
439
98
541
550
782
785
807
311
489
717
797
823
646
47
588
882
2
486
521
618
922
975
504
384
575
755
277
546
627
810
623
273
355
146
898
558
316
532
25
171
754
898
787
101
644
162
979
114
972
103
84
443
26
816
624
240
530
298
110
984
692
818
20
708
409
421
463
632
67
45
601
41
567
487
817
898
16
787
804
538
630
901
531
305
549
394
432
65
303
45
523
521
292
245
142
15
500
681
661
708
438
967
857
768
551
168
489
928
33
182
562
332
540
80
218
986
240
930
749
810
813
420
476
988
123
739
687
876
903
252
858
366
70
806
292
976
114
179
584
365
251
1
400
53
777
779
304
764
954
688
619
384
735
987
474
533
837
121
424
914
876
820
615
460
927
340
220
473
866
71
532
691
808
486
795
711
450
451
975
781
413
742
603
505
802
115
391
257
450
353
912
286
385
636
221
217
47
574
453
967
841
443
664
788
786
603
706
511
94
883
634
224
24
182
686
294
839
294
729
126
127
624
673
851
447
581
531
582
795
721
57
128
457
483
132
552
911
456
399
839
204
826
420
785
907
116
521
33
383
174
321
486
718
651
467
568
864
71
371
849
568
533
281
703
362
720
978
959
319
912
689
989
538
470
386
416
656
111
820
366
554
295
87
843
148
593
311
33
29
799
684
835
186
59
593
622
120
612
811
739
956
809
256
930
470
652
733
762
773
727
425
824
368
278
498
662
281
990
487
320
55
899
252
24
169
345
904
851
959
455
597
382
256
791
925
34
483
119
994
355
671
861
390
65
283
116
648
236
138
539
70
444
288
766
91
521
839
876
461
410
823
701
354
22
281
942
137
485
191
309
178
762
799
878
197
794
690
493
672
400
962
256
775
61
486
329
889
292
931
147
694
414
62
617
291
424
990
997
307
102
505
269
113
509
923
587
855
219
966
549
968
384
142
376
970
243
323
668
369
495
817
566
512
964
399
936
850
883
906
567
510
275
375
418
136
58
767
554
112
649
189
373
314
790
838
809
891
262
318
836
437
121
680
265
184
688
213
626
890
650
320
732
617
577
573
44
508
646
542
396
797
154
615
538
448
574
454
786
458
299
489
599
230
33
463
323
122
476
159
146
348
55
285
377
689
241
811
406
257
3
795
948
702
412
507
870
857
83
455
132
524
145
727
68
935
181
106
357
43
170
912
596
583
717
909
587
811
448
686
890
56
273
962
285
68
515
894
284
458
181
223
297
145
929
744
523
604
853
16
193
72
28
434
351
176
176
559
70
924
254
290
627
63
331
799
191
886
922
318
396
24
129
673
493
867
701
516
888
788
246
666
625
161
25
912
370
850
132
200
35
957
313
721
114
632
162
205
223
230
38
968
372
304
902
605
358
392
406
569
185
688
693
34
454
226
540
826
251
364
899
482
472
166
132
974
980
404
783
314
303
450
175
544
945
982
46
836
331
29
119
132
896
19
692
64
553
50
957
955
241
442
184
254
379
945
174
404
21
994
593
17
446
634
545
529
261
391
264
299
58
573
675
969
337
655
510
803
429
365
741
411
906
446
958
802
551
153
497
215
989
996
376
702
302
678
857
779
201
387
285
676
834
90
25
546
877
894
846
207
274
1
271
283
933
327
922
367
406
416
846
597
878
23
236
422
789
555
484
839
560
441
825
200
110
738
343
349
98
289
89
32
450
234
876
926
103
343
486
338
475
208
432
470
700
596
768
460
188
487
85
752
747
499
799
627
195
839
149
830
805
987
494
633
685
99
576
510
951
293
576
935
90
893
973
998
613
619
365
216
612
476
833
435
220
852
139
338
123
730
914
625
45
985
665
826
365
145
778
650
502
784
523
94
591
300
23
139
431
941
716
765
722
382
470
273
624
945
388
765
538
21
153
43
174
690
815
703
195
374
654
534
700
700
133
263
798
626
971
879
934
912
419
855
461
285
411
339
824
696
218
496
194
224
781
801
967
203
824
429
371
186
575
835
2
187
861
241
217
763
350
58
905
28
698
377
363
141
424
398
714
461
774
789
49
384
804
60
288
310
615
178
59
9
673
18
372
964
79
588
639
429
506
347
592
955
418
258
439
154
298
813
268
118
3
824
10
44
207
40
530
8
824
681
65
31
910
64
768
81
362
155
788
718
585
777
883
381
233
152
218
580
534
183
513
652
7
903
814
982
100
811
928
804
845
58
703
608
895
12
303
696
263
256
426
206
338
912
314
895
182
541
54
697
263
800
728
914
839
840
582
204
100
443
198
767
655
990
417
25
396
82
313
453
157
761
792
805
462
548
461
779
780
782
469
590
256
448
606
1
213
870
456
293
525
150
727
526
626
239
536
94
848
595
910
733
775
110
302
3
194
857
634
985
893
733
251
949
130
408
428
325
526
542
700
708
692
667
433
447
788
58
331
565
418
824
402
269
19
458
104
298
403
300
549
33
548
270
130
258
463
867
53
356
347
149
141
701
23
235
776
413
189
150
116
779
150
364
922
313
840
84
795
435
978
263
215
809
16
646
408
140
208
554
810
831
301
85
367
620
253
873
425
99
431
266
573
469
235
885
595
626
386
949
591
355
388
416
603
284
124
667
731
847
98
447
577
210
503
53
129
692
274
617
156
912
701
72
978
282
59
914
143
45
152
844
408
274
506
454
185
7
336
922
582
399
189
370
645
188
975
805
749
896
525
830
37
449
962
856
11
899
594
206
563
21
692
857
364
312
320
581
437
564
815
216
331
217
774
381
142
667
197
590
217
187
819
343
724
486
998
257
649
654
172
136
151
378
57
647
802
476
894
660
111
222
965
798
161
93
461
711
974
40
920
232
994
341
501
966
139
754
251
309
813
390
766
999
283
400
662
89
597
789
31
110
695
739
928
262
374
368
991
194
741
118
238
193
547
198
259
102
179
74
405
549
991
139
256
502
914
44
427
825
307
613
855
272
677
504
591
664
49
919
509
281
726
192
875
795
638
63
602
12
160
215
73
841
987
91
166
195
314
761
360
970
549
443
629
83
313
25
397
555
782
908
643
298
888
671
893
43
285
772
202
922
24
945
761
34
13
218
177
716
946
237
208
716
302
761
883
407
274
399
741
784
442
590
390
669
580
118
899
388
513
318
264
594
252
156
369
389
217
627
988
511
868
671
603
27
720
682
115
172
858
730
389
419
896
841
593
963
501
930
384
30
579
744
817
262
180
319
688
308
414
551
702
507
328
411
578
965
337
523
19
391
404
691
881
750
9
531
243
56
342
326
369
153
431
627
663
701
139
926
263
221
305
719
706
294
979
292
140
438
653
910
980
247
488
534
203
441
778
126
821
554
404
803
135
895
992
839
983
853
776
181
738
85
559
424
578
909
803
675
171
555
274
261
595
917
462
294
641
489
430
318
264
944
617
915
866
757
114
753
502
700
700
335
485
169
893
340
840
327
415
173
97
461
315
901
392
827
385
217
990
296
851
467
907
532
51
536
631
26
458
105
65
408
999
207
521
719
5
202
125
292
734
453
465
858
742
755
614
535
780
396
486
776
528
761
480
856
457
576
281
402
407
720
236
279
193
704
798
427
949
375
709
775
7
265
497
217
442
352
617
33
545
780
852
298
66
398
720
518
558
470
809
428
811
537
506
209
541
46
727
209
786
905
706
607
808
695
795
637
171
960
966
406
649
340
262
853
475
840
898
227
425
951
448
676
194
677
370
299
811
210
623
981
329
374
227
59
129
420
391
307
674
880
36
50
151
301
295
122
382
389
416
900
823
614
758
438
278
749
963
591
233
172
813
595
691
382
355
138
59
253
573
773
848
419
327
272
900
875
718
553
878
928
623
772
288
246
867
770
390
349
45
834
117
228
865
295
381
542
286
401
244
324
92
924
496
342
844
304
426
472
386
225
742
214
432
835
762
185
325
208
491
152
258
961
903
501
406
184
918
365
487
926
330
606
35
477
95
964
116
13
916
870
924
844
49
696
935
413
898
425
305
677
325
647
95
581
536
613
396
587
963
14
189
390
796
987
352
366
779
253
461
437
240
638
948
285
684
38
751
340
23
987
67
382
327
930
576
68
15
979
105
326
307
958
562
49
738
626
664
113
52
408
738
190
371
593
276
153
363
266
870
