6347 7051
120 6503
3564 1385
1452 2314
5483 3033
5882 1464
5637 5885
6610 459
7446 5063
6582 2396
2324 7129
6072 4466
338 4051
1079 6803
931 5198
4498 1232
5516 1723
3196 125
3840 979
7705 6036
2543 1299
2265 5039
710 5650
1894 1485
4164 1297
7890 460
443 3365
1030 2178
3996 1885
3879 7211
7748 5590
6880 3877
122 5795
5763 5353
648 160
203 1225
2128 2514
5044 4839
2130 2944
7251 7719
8008 2099
1050 6600
1161 1814
2989 3927
4395 7752
1828 3902
6190 347
3126 3044
8099 6787
3711 1671
6103 1188
5729 4082
5810 1134
7995 2849
544 4458
2290 4719
3413 6559
4327 5517
5657 2703
1644 3307
7885 6042
4433 1210
2849 7323
936 3266
5331 1020
5557 6484
6209 5816
6795 7261
4570 4685
3302 3722
4082 687
5821 2149
5763 3740
1510 4711
275 5102
5234 729
4038 4985
4271 7356
6201 6851
2330 3946
5462 2467
419 2315
1717 813
3652 4629
6217 3256
618 8068
5585 3808
8099 4647
4384 3635
4470 6250
2294 4932
5426 7952
6721 7427
3499 6799
3829 4533
7736 3153
3304 6946
5826 4458
3621 6966
2685 4746
5331 7126
4393 2212
6498 5834
7201 2003
1972 6748
2821 3402
524 4252
1055 2339
7849 7992
5956 1716
5893 6799
4174 5456
6429 2096
7680 7019
7060 864
2476 3443
5486 6516
3426 2584
6802 841
8092 4669
1678 6755
4024 3136
4950 2202
4231 4948
5900 2980
7635 6060
480 6733
6738 2073
1583 4381
754 6228
1588 6556
998 6214
657 6837
7456 5981
3417 5389
986 4723
4764 1613
4199 2982
552 8039
1237 2869
1872 4434
801 4939
3451 4433
3415 5511
1030 2655
7364 6043
7784 7009
235 6487
2448 8121
3770 4262
7609 7554
4257 5889
3274 3211
3723 2017
336 5598
77 6512
6487 1268
3461 8191
2533 6138
2725 686
74 1609
2149 4004
362 78
2403 5007
188 7879
85 4479
7022 7324
5623 6671
7114 1691
1015 5393
2221 3531
5926 7525
8128 7550
3081 6144
2623 1806
5852 924
7088 5649
2070 2442
1403 2669
723 5587
1804 1993
2060 1899
7458 2902
1442 7845
1489 357
5520 5816
662 1593
2100 3038
991 2360
4732 216
3878 4860
1958 1913
7291 6846
3960 7263
7629 8102
6351 2198
7533 2640
2361 498
828 479
4845 4347
283 177
5164 481
1359 2542
2955 14
5250 2343
5765 5675
1232 4340
2138 2246
7802 6387
544 441
4065 3077
1134 2585
4666 191
5875 7398
47 6985
6313 1485
7567 3006
6208 5290
609 2106
7485 2806
601 2782
4428 2986
2940 3161
1209 3837
3650 5775
3022 5103
4251 4781
4032 202
1691 6418
6449 3535
5307 3443
7554 3280
925 6976
6994 6859
4187 1114
7548 3830
7155 5717
1534 4242
4166 50
1889 3726
1157 6965
2471 5153
7740 6813
4666 5561
815 5060
7668 4502
2599 530
5578 319
1454 7819
7598 7157
2381 4259
3367 1992
1524 2876
7689 6020
5120 2738
3731 2810
2570 7045
6330 1503
3911 3971
1188 2646
1249 8050
6582 3496
4444 3660
2866 4730
7982 3762
4300 2937
2103 751
5705 2026
5725 2223
3119 4751
6322 3517
2353 2560
4523 6018
5909 590
5239 3544
1787 4616
404 3771
4089 4229
7988 7254
1553 7048
2578 8043
2317 7487
6480 5905
7650 4703
8072 5274
6877 5987
6399 123
5844 6905
622 1246
7059 8143
4888 8155
2363 2383
977 1255
5221 7286
3219 2543
442 4287
2223 6013
2184 5192
5770 5337
6627 2217
3817 1809
6201 2124
2693 1581
2930 2654
6835 4262
1759 917
4458 2442
4779 3957
6194 3172
8155 6033
7474 4382
3688 6555
7293 6430
4092 1591
329 7429
1900 7053
6382 6421
7203 4598
4643 741
5727 5310
2315 118
3524 7644
1635 14
6255 4651
2123 607
4713 1874
6095 5449
3047 271
6741 5088
7922 4340
4953 3352
4319 2758
5182 6218
6111 2900
91 7451
2023 7130
3552 7608
6430 7857
7958 942
69 6610
5235 2984
262 7201
6324 1497
3235 4798
3303 6612
1595 4877
6036 1680
3384 4026
1150 5819
5977 5237
1710 5233
6133 4802
2939 7288
2461 1373
2225 737
1930 7337
2247 1314
3277 6824
2127 6168
6631 6062
5910 119
1788 4930
5946 191
5709 2943
3070 5585
4128 6821
6818 4657
7718 5230
7181 3905
1388 7274
7247 5021
6363 6136
2520 6505
8149 4652
2826 384
4937 1168
574 6406
2857 6781
6673 3199
4168 4092
5890 4077
3172 857
7862 340
2017 6963
6893 843
7289 1613
2267 5265
3632 685
5950 326
5334 7892
7402 5961
2256 7536
4877 6490
7915 6423
2608 908
7475 2391
836 1416
2351 2492
7638 635
7785 490
1463 5786
78 1661
528 3828
5509 2834
2322 4207
3073 2197
7052 2457
6797 2129
5390 5777
7044 5943
6642 5736
4015 5103
6898 2404
4244 6852
6704 4424
1257 3807
4757 1057
338 6686
4426 3866
3838 2085
3439 3126
6229 1056
6420 4757
5786 1835
6414 6715
3543 549
3812 1441
513 3380
1518 4857
99 470
5601 1762
5681 7216
4781 3112
5517 137
3535 5590
4279 2539
2630 14
6562 7972
334 3158
7187 3534
2731 5241
6567 7077
6941 1064
7398 5740
7191 93
5485 1694
4510 5321
1081 6707
5468 3535
7111 8025
5971 4544
6526 6130
5347 5364
5713 6364
7216 3628
6790 5530
1743 570
3566 4934
5061 6977
830 1801
2597 3956
2529 278
6639 7488
175 584
3544 85
978 2836
4807 3362
6236 6361
6132 2047
2025 1251
3081 4052
6619 4509
1930 6888
5807 4543
6980 5601
6926 7570
447 1681
1166 7951
6918 8004
2113 2226
989 4248
4845 2423
7654 150
335 8147
2209 4367
6794 1151
4927 1476
5479 3215
4739 1918
3179 2059
2290 2432
6911 5552
5918 6962
4374 2690
539 2621
3531 7320
3971 2514
4449 7784
1521 1387
2089 4823
4087 7134
113 4001
6933 5157
5719 1709
7714 8047
2985 1158
2607 3291
5472 6424
6523 5891
7578 566
3423 4109
2630 6047
