985 3167
989 7806
5400 5821
46 874
5966 5193
3148 6531
2160 6005
2983 767
4222 6483
3603 129
1487 1816
6145 2487
5488 806
5149 1830
4805 7020
3678 3158
6504 2782
1695 7924
7811 11
3370 951
149 54
151 2555
2540 5919
7493 5072
8144 7558
191 1546
1568 4891
3414 2256
5186 1671
7146 4384
6250 4690
1215 1533
299 5507
4099 5280
3746 64
7824 3194
5900 468
3398 1172
3781 4440
4490 1559
1324 4782
7925 304
7509 2760
3150 8007
7881 2366
4201 5009
41 4964
7235 7539
3988 2389
3877 2761
3382 4865
5468 3714
6544 752
5162 7224
7432 4651
720 161
6655 3519
4624 4958
4345 3618
3593 4395
3839 4723
3386 3852
5479 5455
46 512
883 2060
6499 7412
4615 5048
7482 1126
7235 1268
1432 2883
7059 573
3219 629
2913 6752
6687 3489
1449 7596
2787 3359
266 481
4383 5365
1398 7579
1483 6063
4789 2835
6054 3496
560 4939
7086 6312
1597 5272
2101 3529
6510 935
4482 7473
542 5150
2155 6547
2335 7618
7249 3808
2625 2895
2495 2100
5303 1083
7430 6164
911 2900
5000 6606
336 1759
6753 7219
6011 866
6817 1717
7146 1374
7160 1423
8112 7931
3586 5679
1042 4912
4618 6121
5063 1383
7892 8077
8058 4901
4839 4668
6560 1150
1331 6289
4979 3821
8030 2489
4850 6026
90 6593
2470 5349
114 2183
5958 4588
5288 867
6076 5198
1913 5842
4141 3240
6789 6663
546 6764
7668 945
7883 893
2304 7852
3205 2112
5177 4539
3871 6329
5308 4489
2274 6457
6092 112
153 4852
5236 5796
3176 2954
4603 431
2124 6805
7452 5526
4085 2987
7219 848
6606 5239
7229 6541
802 5679
7046 4022
8007 5814
4722 6033
1695 5297
4425 798
5475 7710
741 6135
4505 6778
8071 7295
6254 5732
642 1922
4380 5457
1160 5749
5861 5221
5211 622
367 5439
5627 4975
7670 6331
2270 198
1022 1530
2786 3670
523 7623
7827 3032
4930 1774
85 1573
7226 2089
566 2269
224 4849
4933 7068
1119 5131
3489 2044
6398 4139
5861 1622
5592 1301
1636 5900
1085 345
232 1863
3327 2931
4033 5721
3347 4358
77 6767
1240 2175
2428 336
5412 4194
820 2607
4053 8070
1836 84
7193 185
5247 2744
6694 6234
804 4
2961 6289
270 4255
6136 5109
4695 2858
2389 7399
2214 5451
4190 6427
4650 1700
4392 1899
1301 3994
77 660
2265 7602
6359 2971
7528 3834
7422 3170
4932 6375
1843 734
1699 3561
6205 4570
8116 1564
8184 2834
6618 4583
2744 3054
7153 4069
7946 3278
2008 4815
2104 5232
7080 6957
5648 2903
3147 1179
509 3994
7933 4611
3918 1811
3510 575
103 1509
2139 7486
4389 2053
4444 3761
4560 657
845 891
6784 996
2581 3823
6751 7565
4822 8111
7572 220
2557 175
6119 229
5741 4090
2953 2847
2036 1368
2549 330
7984 5242
6159 3467
837 1496
7065 459
2099 595
4207 5723
708 6238
2926 3256
4223 492
1460 441
7927 5191
1628 4708
3826 3347
3549 6930
3692 2496
1779 1370
5752 5020
647 3896
7013 7200
557 1193
5905 5149
37 1556
898 675
567 7237
1110 491
4066 5502
7686 8152
4904 4979
6259 7082
6098 1295
1856 243
121 2999
4243 2707
3649 745
669 3579
1304 1303
4606 1578
3441 3852
2506 4027
6397 3203
5596 2516
183 4405
1314 4856
4140 627
654 6981
4731 1213
2351 3765
2428 6997
6606 3195
7907 6840
749 5303
438 2414
3686 4482
6427 609
3262 743
5279 5543
519 6818
7333 7812
76 6720
1415 1385
5141 2861
2163 198
2506 5751
7632 6521
6689 8131
5358 1316
3851 7094
3645 6539
1996 4508
277 3833
4842 6209
7785 517
2857 3263
7575 1693
6879 4653
6821 4451
1917 2586
7789 5543
726 4229
6299 4784
7693 2135
5518 4694
2063 1636
1906 879
2090 6467
6223 3197
7223 2219
2670 1113
1955 1021
3431 7086
2357 2893
2001 1756
6929 1842
3164 1289
5016 7374
251 1248
8023 5595
1805 4388
6162 7253
2166 6680
2417 3041
7471 6601
7492 5058
7282 1337
6061 5154
1239 6125
5828 7090
124 4271
5624 7385
4825 4638
2689 5598
4491 6507
2039 686
5049 162
6737 5050
1390 7684
3321 670
4482 3623
179 3509
3946 6540
6088 5861
4809 2368
5904 3929
631 2850
3428 153
1007 6351
3943 6735
3539 2397
3822 3889
3981 5956
2684 5789
5445 7634
7111 1129
788 3188
169 4745
6855 2107
6570 2778
5509 7087
1806 1130
1948 3659
6144 4678
2811 7180
6520 7508
5269 1297
5911 4324
5884 707
5686 8136
1873 8019
119 201
4946 3531
7407 6163
5987 3325
1396 3543
5066 4158
3073 394
1438 5262
1072 6281
5665 2393
7484 1925
6418 5535
4700 4557
3903 1463
2581 5750
6978 1343
3652 5974
6441 3388
3721 3767
3166 1630
3870 3495
1904 853
1934 3729
7020 4419
7964 6259
4730 3526
2600 5774
6556 1855
2618 7267
8087 2873
1972 3491
5809 6877
2474 2427
917 391
1145 900
2551 4444
1680 5101
727 2077
3825 2050
2365 4670
7611 4899
1222 4341
6945 6906
5753 308
4090 1375
7876 3159
274 5990
5074 1016
4897 5064
1847 5896
7432 3378
6829 6340
7579 846
6862 1713
6863 884
581 2511
6916 6297
4246 2427
1014 1321
6801 1227
3020 1434
1066 5314
4041 8042
3914 4577
3069 5714
8024 1168
3640 7612
2732 1445
6579 3152
2752 1911
6032 4295
4825 954
1513 6112
6999 5225
5871 3382
3004 3340
5420 7809
7541 7020
1296 5491
1146 848
6564 5148
5501 4583
6609 287
4935 5503
1127 570
6669 6903
6473 1676
4096 1852
6831 3877
4788 6128
6308 4898
5432 4386
7139 5930
3695 2668
6213 3649
5068 1492
4029 1661
2702 5345
337 3868
451 1000
6480 5567
3199 2532
34 2286
2761 957
186 1083
1603 5201
6737 1041
905 2811
4458 4835
1426 1647
1785 4380
2212 802
5509 6989
6402 7195
4354 1833
1355 3429
1060 5233
5319 3895
7029 5896
14 5249
1162 7073
636 3364
639 1908
3009 2481
1915 2547
5648 2985
6471 1052
5977 6284
336 3746
7804 3468
1157 1385
394 469
7530 5860
3261 3617
4644 3955
1942 6825
7762 1522
2040 1947
3282 2260
366 1175
2041 6909
4666 508
5014 4208
3023 5065
4576 3405
3159 4430
601 6803
7303 3836
2549 4824
6007 4254
2523 2034
2134 7163
7821 7564
6354 7206
8029 7991
1877 5672
415 3231
5765 599
701 7464
2929 5765
4129 4860
5754 3705
7714 7261
3869 3794
5225 4388
2147 3749
2508 296
6841 5755
6660 7998
7445 7679
1133 2699
2457 5081
7690 5311
6851 5201
3132 793
2951 1154
1370 6336
695 58
1191 1777
8102 6534
3516 3156
463 7873
4663 7839
7874 5209
7188 1855
7947 119
5937 2801
5441 4407
3651 2441
6356 270
3644 7210
3464 98
6514 4572
3061 4543
3396 4615
7035 3982
5313 1620
5115 1546
2020 548
7189 2361
4682 8045
6722 1644
154 1025
3667 6703
3386 967
3408 5338
5947 5620
5068 3368
7560 4083
7357 6300
4610 3217
1273 5171
5539 6993
5042 4405
27 5319
7684 1968
3847 7639
6679 3397
7687 7067
5078 2448
2246 6837
1053 3445
5382 275
6864 3885
1554 5025
4366 5635
8067 1917
3985 2296
3371 5367
2404 6888
7257 1162
7159 697
1649 4166
7080 1867
1216 5632
4939 2652
523 2065
1320 7776
7416 7538
4601 1144
4224 8039
4283 3063
5112 1980
3548 115
6596 3963
1159 6427
3762 5198
2010 3282
1971 4468
5360 7611
550 6354
3244 2
7935 2851
6883 5512
7904 2666
277 2487
3430 2826
940 5579
6768 5743
3535 3272
1532 5039
3674 5981
6409 1443
852 1734
16 4360
202 696
5541 1574
7960 38
3315 6930
7760 7719
3751 2629
6565 3058
3590 3214
1916 6627
2644 757
4630 6252
4551 6005
4859 2527
2447 5186
1096 5609
7438 17
1347 2427
6113 1253
1205 7227
1106 2651
4977 5503
1234 6158
7986 5429
3192 3752
2480 2994
4092 423
5975 8103
7660 6155
7206 3715
204 160
4655 6347
2027 3422
3687 1612
892 4202
2852 5359
4951 7784
209 2777
1416 2759
5784 3849
2401 7113
7895 7333
6063 2248
6920 6299
973 4521
442 6445
5313 6960
3004 4139
5086 7888
1261 6644
313 5869
7696 4389
3333 358
6485 6800
808 6837
609 2465
3338 3327
4754 3275
4759 5777
1391 2996
7717 6569
7868 4444
3742 6264
6610 7904
3677 4603
3614 2063
6846 3181
3979 7107
5414 1955
3015 482
6448 7313
3865 6139
2999 7185
5120 5120
7510 6108
1686 3684
2569 6705
2027 1388
4528 5648
4173 451
4724 1262
6237 7223
4575 7766
657 7221
2685 1692
258 4344
3391 2908
7022 6682
7817 4856
4682 1167
2746 6665
2919 2419
4287 142
5912 1223
2744 7513
1754 5021
8121 5452
5445 3304
2193 5874
379 4320
1326 1043
4572 1656
3206 175
6633 5133
7383 3966
915 354
5047 2293
2120 4886
3451 3148
5934 6911
4855 6028
4718 6968
4234 4897
1465 3262
6684 7118
4902 1780
5481 3612
6076 396
2032 996
6686 5761
1366 1176
533 5440
1630 641
3752 2784
3310 79
1605 2096
673 4797
7056 6782
3042 3829
3910 6392
1670 4624
1829 812
2610 633
7048 1134
5459 4465
3893 5125
5984 7166
1295 4505
2578 7367
5530 2626
7977 7085
1213 6012
2097 6743
722 698
3374 5061
730 1761
1238 2071
5201 1537
6775 2495
599 2327
6650 6229
5894 7217
3805 6552
5386 6532
3496 457
2205 5685
2439 690
5043 7761
2675 7569
8109 2381
6004 6177
3527 3953
1236 3839
3733 6418
4045 7144
4519 7388
3884 3692
1076 6645
4008 6737
6785 2877
3245 7688
523 7892
1650 7464
3013 2281
2252 7174
4726 3983
2839 695
3897 978
7144 8139
5687 7804
7398 4695
3771 7949
6678 2763
3775 899
7231 4027
7359 7456
6990 6071
6846 5464
4069 3194
5364 1209
1586 2360
2349 2007
4923 1279
4520 3318
3294 3778
6896 2062
7557 7064
3077 2424
422 3223
4136 3478
4589 82
3765 4082
1119 6127
8134 7030
5613 1715
7397 4014
616 5725
5133 7621
354 6312
1424 7570
2552 1980
4784 6424
2056 529
1101 7597
1470 2148
14 6411
2714 3367
3195 7365
620 2
2825 7461
195 6223
4780 4286
7972 161
6152 4604
7604 3303
4282 771
6273 6563
444 3622
7358 13
2402 176
3689 2863
1294 4295
3611 2102
8171 4752
7517 3790
4869 1868
6780 390
6761 355
311 5835
755 605
1948 194
5293 1633
5872 6608
3122 3554
6028 4347
6021 4326
771 1816
7781 2070
4281 3795
6175 2554
4704 39
235 4934
711 6633
266 2980
5238 396
3395 4885
6149 6251
5599 4891
5 4855
4122 997
2978 1645
2137 140
6405 919
3607 4216
6440 7189
5109 2642
4780 7177
5428 2966
7557 1043
4827 1039
1862 4689
1809 6610
1272 5029
8122 7662
6920 2111
212 5074
3797 320
1908 2194
3181 741
5734 1822
5799 240
443 1977
2608 1569
1607 7212
6931 4849
1055 1266
254 4502
2110 217
3760 4358
2629 5801
3534 7026
1000 5155
2929 1863
5205 5817
4896 832
4531 5503
1993 7434
1842 6409
5276 2320
2195 6653
6947 6791
775 4297
4722 81
7889 7437
3999 886
2070 7651
3859 4288
7814 2655
1124 1425
4747 7440
815 697
5933 2041
2690 3531
2556 1058
5695 6283
7918 1923
3662 3128
7355 1003
7930 4930
2116 7942
2788 2199
2393 2152
6568 906
6697 5378
5196 3380
7826 8028
389 6750
4048 3174
1984 7347
5684 4290
6561 6284
1521 2130
2543 3599
6384 4720
5094 1851
6858 4471
6948 2070
3895 5598
2429 2753
6342 6802
1966 4876
7039 3570
1004 5523
2195 4409
1965 5611
4900 458
3535 4790
1076 6831
7809 5541
1329 4675
2837 3413
318 557
3267 7881
7608 4799
194 7700
291 4160
3382 4204
583 7932
5017 1763
1302 6868
7470 5104
5459 4725
7869 2665
4999 5462
6899 4874
5168 160
5794 1853
3882 1374
3493 5134
7635 4768
673 4386
3923 3549
2002 1069
7561 6836
283 8035
622 2871
2136 7454
6287 1623
5080 7643
3896 3459
2373 5584
1609 8164
3507 1050
4030 8055
3828 2257
7629 1894
1812 1583
1136 3715
83 8123
2029 7745
857 3270
6884 7254
5743 7919
3649 1059
4459 2608
7833 639
1228 6953
1020 5242
1435 2675
2369 4815
4905 5651
6726 7360
749 7978
1391 4391
3778 5725
2790 6311
2838 1199
4188 3251
3044 7767
1547 4069
7038 2800
7121 6698
8037 6703
6177 3132
3751 7244
2497 5621
2607 3252
3118 1008
4601 7855
154 6409
7238 1658
1732 6710
7369 591
7402 1424
1020 3300
5615 6267
7760 7653
4589 6407
8143 6694
3403 4098
1759 683
4763 3277
2168 746
5040 214
3776 78
4206 7455
2831 7690
3293 4377
3260 572
1588 4601
4922 5100
5563 5900
2929 2892
1103 4981
7558 6062
3945 7629
4573 990
7488 3867
5260 397
5899 6565
1147 6726
1535 2919
4785 5208
7264 3177
5694 4563
1900 4452
6264 7758
2511 7409
6885 1341
3149 3019
518 5894
6645 420
5195 6672
2561 1468
2083 275
754 1277
5618 3146
7704 971
5506 2415
785 4538
7107 7111
5302 2197
5086 4172
6989 5346
5119 6433
7264 3243
3770 2403
6936 5567
2237 6280
8089 6075
516 1661
2599 7762
5077 2339
413 5998
7550 6951
7656 7160
6211 1314
4302 1189
5922 5190
6619 3356
1583 2327
3406 1024
4700 7559
4869 1438
8144 5810
2591 3227
425 4719
3457 7064
7580 6890
6358 4107
2896 1020
2947 7126
8142 4093
2751 5734
3565 7447
6632 4740
5483 3834
813 2080
8150 6936
15 3965
2312 2475
6321 6368
2815 33
6376 722
1295 411
2371 2091
3276 3422
6465 6864
2416 5638
5952 2247
584 4219
6712 1539
6570 257
1675 2775
767 5637
57 7305
4498 1400
6806 7395
1305 670
4488 1768
2332 5759
1040 2604
3832 2605
132 2088
4137 1969
1574 7907
3713 5085
356 7325
1911 7713
3769 6398
100 3107
3636 3235
908 1946
2497 1609
2671 276
5833 1815
7825 6882
7238 6303
6396 4711
5880 1230
1161 7821
825 5105
7926 4252
3019 7746
2933 6754
4992 1919
6964 6475
2978 1020
2483 5184
914 2326
2963 5738
7789 2248
4968 6389
4533 6663
4585 4023
3479 5786
3906 4655
5657 6457
3363 4395
4204 7356
6718 7897
657 4926
3523 4391
6986 7837
32 6792
5051 4196
6012 5740
4636 6684
7887 7307
5329 3988
4035 388
4497 4976
7514 3492
2114 2276
6765 587
5779 7315
1408 4751
7135 2345
5838 6609
2432 2710
5192 392
4702 3381
1074 3720
6892 502
5582 4188
4501 3747
2960 5559
1947 3435
5690 3328
7649 5162
2580 3591
3062 8017
2768 5387
7025 1350
3708 410
2219 7527
1750 821
3669 424
7663 2403
3690 975
4878 6130
1594 1143
7565 6585
183 7680
4431 862
6279 1259
6675 2119
4144 4294
6177 1304
645 243
3860 5722
6083 7329
1998 5796
3383 7678
2932 7435
481 2160
665 1517
4146 4992
8072 2259
892 2098
5275 3758
7672 1405
1203 1645
7731 1683
7424 4345
7479 4671
6534 6662
6384 663
3674 2013
2424 419
1345 6825
1925 453
2338 2036
3388 7341
7388 5310
4572 3929
6400 4238
2322 4491
5279 765
2442 4407
6867 6345
7217 7707
7273 4814
280 247
2422 4402
7179 2958
4919 6287
2813 2415
5142 5819
5661 6064
1015 2276
6581 5934
287 7749
7344 7616
627 5958
7190 3921
2160 1082
6876 3809
3291 1864
5513 3247
2877 1847
6031 1946
919 1105
7394 5771
1886 3621
2259 3663
1447 435
8124 529
4630 3643
499 5795
3051 2758
4580 1213
6836 1291
4862 6459
5064 965
2411 1058
3842 955
6019 5191
6658 439
4010 604
6287 5218
6784 4314
6293 2267
6442 2989
5288 3077
5637 5470
2335 6372
4447 7818
5431 4680
3810 3539
3593 5393
3214 1639
5365 5525
4527 1143
4037 1789
779 7459
4605 4100
4412 7591
2003 2796
2447 797
7111 5532
5281 1948
4202 6524
1388 3428
6451 7880
1970 6492
1051 1826
2595 4311
916 7851
7727 2074
1426 2385
4506 5011
7285 2643
1710 757
3631 7120
2085 5575
2093 2682
6303 1061
85 7416
2143 7436
6463 4753
7471 8101
6907 7472
2968 1728
3666 949
5235 5617
4611 5008
5623 6693
5409 4112
3003 3
8033 7713
1207 3455
7549 604
627 1611
1329 5952
4397 7502
5444 7576
5297 821
6969 1544
7012 3750
7470 3311
7948 7177
4195 5055
2349 2921
5539 3264
755 4256
5318 6378
5728 7084
1080 5996
4030 2863
1449 2867
3126 1601
1757 5549
1029 1966
4330 4921
2069 7918
6177 2414
3546 4118
6013 7850
5042 8091
2253 2059
2827 7888
6471 1416
631 2557
685 1652
5406 1367
7472 6368
3161 4891
6428 6833
7488 7135
7208 510
3963 12
4973 868
2000 4022
1520 5842
1796 1904
3868 546
2508 1094
3558 1763
4579 5076
5619 1351
3972 5108
1316 7026
2169 4705
2723 2639
228 5806
8114 4721
4867 4710
185 2777
3549 1448
4183 2269
3202 2528
7015 2287
6916 6485
5403 2979
4777 5851
1062 5423
6070 5206
7526 3533
7545 6086
601 1268
5658 4496
4692 117
6829 2632
1097 2621
7086 4287
221 4854
1144 5638
7604 6939
6700 6635
395 7902
5036 4587
7207 7372
5183 4224
662 2772
6388 2100
7867 4972
1736 4005
5272 3791
3571 6855
848 3060
7766 2101
7314 7694
167 7046
2056 662
3164 6696
7667 5606
5453 691
6032 6885
1905 5642
1802 4530
6520 725
1559 1902
2028 273
722 6877
6432 92
7162 7995
8024 4657
2937 3454
3915 2573
2351 7096
6860 5504
2788 6630
1971 1791
3763 5573
2259 1546
2381 3391
3661 5019
2244 7498
3709 2200
5315 4846
6392 2226
2598 5803
1544 2804
2159 7436
3874 4624
4294 2309
5252 5776
6423 2147
6383 3419
3846 7746
8082 977
837 4893
4618 2727
1503 6744
1812 5740
307 1458
7721 3812
5576 3615
6141 5422
3892 3553
6580 4283
7676 5745
590 2288
6859 775
5134 7749
3210 1986
7690 1414
4721 7327
1650 1619
6266 4032
2885 1368
1500 1486
6769 6424
5697 5370
7517 5734
3086 4436
2419 5323
6274 6724
3265 6782
6736 2234
741 6767
704 4471
6851 2446
7542 2715
7017 6271
4874 6095
5944 7423
4487 4467
5392 3720
5604 595
3420 4285
1571 1640
2425 5234
7830 2605
1868 6958
615 5605
7372 1525
7933 96
2877 3010
7216 5546
3340 4112
6070 7510
4718 7687
2895 2425
5028 1912
487 8003
6170 1721
4876 6046
1764 6435
231 6739
3632 3630
8089 235
6977 2425
8170 5304
7895 7243
7097 1874
6990 3205
1051 7704
1148 1287
5878 930
3425 4891
4587 789
1843 7101
2484 1455
2127 459
3861 1726
3110 4794
1348 1403
4368 5413
1402 2830
2303 6069
3371 1852
1631 2611
3374 5662
6993 1786
2244 5085
81 3562
3995 3517
3259 6290
4800 592
6987 1654
3643 104
8121 7156
3115 5366
7795 3741
2885 7786
2018 2275
3695 5776
15 4047
5388 3167
7120 559
315 3094
3607 498
2998 5573
465 6852
7459 5380
4328 5608
6051 992
1350 990
7060 1396
3647 1931
511 242
584 6425
2831 6948
836 4890
3696 911
5205 969
4503 5839
1044 1503
2602 7447
84 3977
7657 6134
6591 3151
6673 5452
2476 772
626 7320
8135 5820
7662 1718
5037 2122
6917 6582
2263 2260
2988 3689
2575 3889
132 7222
4371 4160
5718 4847
158 4734
4395 59
5482 5598
6090 3529
3321 5474
2067 5247
7205 7310
1465 2700
1080 3662
7362 306
2565 5605
599 591
3562 5227
1519 4630
8108 5880
7827 2251
82 4428
5675 5542
6616 6996
1582 7555
3251 765
2770 2845
4254 4279
2626 3004
6022 6791
1297 354
1660 5502
1179 7688
3725 337
4040 2048
6760 6392
7969 232
6025 5826
7553 7452
2087 6349
5665 6201
5094 5905
6866 416
4374 7872
8168 7341
2018 7302
6896 6881
5428 487
6258 2122
5321 5360
5525 5129
4108 7071
4929 6048
6912 925
6930 3321
5274 7712
5956 38
4733 231
454 1662
5801 2982
2235 8072
3572 5025
4154 8004
555 2385
3501 6505
5454 5009
3233 1670
3851 6361
3340 1361
1467 410
2874 3023
6901 1930
5149 2220
2185 3675
3752 1580
6764 2545
6876 1919
1558 6816
4371 3311
7146 7779
2067 7628
72 1385
7212 3219
531 1879
7919 2650
541 6100
716 7849
2986 4733
6177 5303
4822 6779
6794 2528
7175 7951
6255 1531
349 2901
7210 2293
6086 4836
1362 5689
1310 6505
1195 4828
7941 837
3649 3500
2113 7012
2907 4794
5889 5105
1913 6880
8103 7065
3619 6763
1106 5361
1182 6759
1740 4091
2952 3697
3428 1552
6466 8009
2609 4376
5395 306
7172 8118
61 774
1045 4533
1098 3050
6899 5054
2808 1260
3465 7366
2962 2480
3530 3141
417 5125
1710 3458
863 1279
3143 7341
6855 2060
7291 4878
4761 4768
1497 6622
1516 4841
1971 4430
5666 3829
4085 3932
3393 7107
1434 3033
326 4182
2824 5082
3489 5741
4143 5973
8115 2304
6541 801
3981 2964
3827 693
3631 2389
3485 1155
3165 7640
4017 1753
2972 228
2068 1427
4376 5361
3894 4520
2608 4279
5473 3585
4581 6470
234 7637
7282 2944
4212 6332
4192 7097
6243 2998
3305 4755
5602 2907
1500 1845
5988 6731
6531 3133
8136 6646
878 6187
1843 3584
1482 3281
4989 156
7723 3676
7021 7120
82 1998
5557 244
5151 7451
1419 7262
2126 6113
213 3274
2300 7480
880 2796
7572 146
829 4554
690 6452
5233 3085
5364 5375
5994 6301
3408 2100
7213 1696
3541 4828
2843 1802
2399 6901
4610 7847
1878 4364
464 4505
5598 1802
256 2716
6638 2344
3922 4589
6640 7929
6675 6183
900 6449
5425 2721
6058 5336
3080 7361
5079 6715
855 8185
1338 1860
5569 430
1460 3890
5311 2671
4194 510
1370 3337
4110 4205
6544 3392
6099 6896
6744 7597
4499 2481
392 4712
5938 4985
5110 7750
3137 6925
3006 2052
5596 3319
506 8062
3924 3628
1992 3284
2732 8182
8103 2880
7884 2881
3384 6465
3817 2350
7823 2282
3735 1267
6799 6417
6394 6473
7161 1812
1421 1758
6548 1500
5413 1665
2112 5848
4584 5924
3941 6917
1393 5498
2625 3888
6405 5676
3801 810
1014 8002
936 1507
5696 4171
5468 240
3313 2013
212 7005
7902 5442
4541 3516
6136 5337
5592 3817
409 5629
2670 217
2191 3352
5386 4988
2366 5046
3593 4772
3878 4322
1138 5018
4959 7880
4703 7406
408 6290
3356 1446
7697 1714
6523 6789
5230 2405
6692 258
6324 557
2678 4042
911 4784
2121 5986
6123 6128
5103 2880
4356 1131
7143 7414
299 2858
6197 4968
7061 1695
7698 1270
6889 4492
5693 2836
6858 5125
7980 1930
5759 6807
3253 6248
1152 7439
6866 2545
5719 7502
1630 3657
1348 706
4268 5890
1883 7711
5246 7908
2047 2444
2405 3227
496 7062
6027 7378
639 6538
2472 2880
1216 4773
4178 4145
6774 5426
6634 5709
3583 4464
2246 1675
1448 6935
4868 7222
7577 3794
1595 4064
4835 7497
1019 6564
2105 3142
6806 486
1292 603
693 5922
2621 988
1625 1502
4227 1995
649 1039
4949 2130
41 2997
5980 1229
7343 1676
4080 2861
4896 4992
1849 3912
6729 2486
7083 2343
4623 5473
7305 3286
51 1315
1938 3337
1364 6451
2052 719
1861 7228
5301 4945
3157 6908
7289 2459
4724 6405
4878 1917
6282 6962
5049 8034
4673 2458
3822 7747
1345 7627
5324 6529
7041 8060
5180 3127
5986 5242
2928 820
4543 2235
7709 5965
1907 5068
443 5566
2124 3511
6158 1869
5244 3046
7404 2970
4339 7631
924 1029
3665 7765
1962 5352
3631 1241
4477 6856
3300 3377
5740 2660
2276 192
7971 2332
1038 4332
1166 640
569 2068
7582 1883
560 2062
1063 4653
4647 8030
2032 916
7007 4863
5230 6801
3827 4229
1689 348
7190 1222
2938 2600
6734 6483
294 6328
2607 3407
8062 4800
4821 7450
332 5536
6722 3417
7160 74
2568 6585
3173 5195
5736 213
4892 6237
4244 2368
538 7744
7416 3900
3923 5999
27 4916
6543 2193
5318 1270
6338 1442
2277 7073
705 4920
4158 4013
4233 5168
6539 2940
562 7543
1659 1458
7050 3413
5994 4531
26 6011
1079 1976
7704 6159
1616 3215
3079 7377
6807 443
7769 6238
6008 6303
3818 4767
3444 6175
6133 960
2243 427
2853 6709
4544 3246
531 8002
1621 2277
8000 7330
1534 3992
7017 3010
6377 8013
4377 4664
5007 4154
7246 568
3569 6971
7072 4337
7012 7000
6183 7826
1748 2593
7263 2478
4802 4081
8006 1883
2126 2792
7091 2898
7658 5379
2172 3758
7541 2734
208 1805
149 5977
6875 1005
4312 4751
25 5205
4130 5586
5229 5826
6645 6374
2479 883
3985 5898
601 3758
4954 6547
5730 6818
4792 1726
3904 2700
53 3148
1054 1246
1365 987
3878 6741
8165 7171
7598 7901
5325 3919
1020 8096
2658 7970
4257 5120
6284 2190
246 4656
2611 6954
1169 5336
5103 503
326 1605
663 2035
531 6073
2216 5722
7577 1404
3829 1880
403 5959
5849 4107
6569 4501
3594 780
7554 7481
6627 5963
2233 7212
2324 7183
3272 1499
2694 277
8030 2613
5859 1403
7112 1344
2743 3396
4612 7165
5182 148
4087 3213
126 5863
4368 3757
7069 724
137 1943
4933 7043
3145 7127
3256 3863
5356 5726
4644 2208
1108 2341
423 1407
1455 6742
858 5739
3017 77
3748 4394
2118 1744
5036 2086
5243 5763
6039 4802
493 722
2420 2295
4358 7432
340 6222
7306 5691
4098 5924
2620 2358
5330 2300
7275 6485
6929 1532
6500 6318
6890 4369
6301 6402
4370 6756
3829 7556
5989 7213
8167 3173
5369 3852
999 5659
1025 4652
5302 1934
7704 5266
7425 7613
5298 7167
5907 8182
3605 4474
3317 3030
972 1385
971 3713
6035 8008
1076 3627
1408 2067
3817 6240
1532 4800
3749 993
2177 4226
4423 2835
4200 3912
7435 3564
5164 680
6037 6473
5946 5849
1558 3807
1471 4033
8002 6938
3183 518
1544 2208
5367 4598
4898 3455
3108 5569
7535 4499
1876 1137
2502 2328
509 4949
3476 4602
4964 3326
7796 5930
6146 5604
3332 5396
1646 5358
388 6100
6031 7140
5828 6705
4775 6057
2649 629
2968 2951
7778 5956
5553 1507
4303 4486
1669 6772
1093 5226
4315 6734
4801 1133
3129 2204
2024 4317
166 1256
4340 3307
1561 2345
4275 783
7440 7409
2081 2101
3204 2513
4405 6914
4115 4107
5418 4631
7769 6955
1086 7353
7732 7840
1975 1426
7202 4630
5764 7750
3474 4659
5320 6033
7263 4919
3369 6825
411 5082
7704 7542
476 5826
1823 3905
6667 7648
5478 282
6803 3721
6763 3663
4865 1837
1205 7575
1233 406
1266 143
3862 8121
5388 8152
3647 4266
2718 5818
3770 389
3485 1157
6268 4772
7081 1689
2257 2623
5921 3593
1118 6321
336 3649
6183 7155
4662 2208
5693 3007
6330 1501
1111 8111
7361 2388
1365 8146
7873 1715
4373 1333
7848 1249
2813 4046
2910 2535
8151 1530
3499 3558
5076 2942
273 46
251 5966
1057 4629
3012 2858
3205 5344
5537 1970
2546 2552
4340 7313
3946 4730
6795 2043
3414 994
409 444
6417 7946
6028 264
1879 3932
4199 2517
5740 1254
6905 2355
164 1298
7901 448
5325 1320
7183 3371
4010 7604
3491 5230
3607 4426
2170 1512
7472 2435
2242 6079
5252 2509
7298 2667
111 8174
5828 3891
174 4468
1888 2021
4791 6113
1721 6774
6438 2201
2844 2369
7719 2917
1408 1939
4916 1363
5683 3047
2848 2529
5903 24
2016 2032
2571 4115
1060 4763
4743 4878
6988 3112
4883 4696
3836 7120
5480 6261
1233 7426
6723 2585
2934 3227
7902 341
492 133
4103 3438
947 2995
6750 7681
3389 3405
265 5465
2701 3614
5742 6939
4064 2206
2773 276
575 2687
3349 363
6549 3884
2401 5971
6123 1944
436 5962
6969 2722
623 3793
7593 5250
876 4977
3094 4667
4300 5924
1817 610
5710 7765
7378 6569
6850 2575
2288 2567
6439 1610
639 6271
2690 7082
5188 4977
467 4004
5699 6920
3037 5764
298 1937
8025 6640
4412 1513
7595 3865
475 7011
2683 6323
7608 266
2745 208
6954 3042
1215 3673
4890 1452
7982 5111
2502 424
63 5344
5409 7901
5107 5027
7060 2660
4546 5639
4067 2781
3896 1495
2448 3274
71 6391
489 5111
3869 7279
4641 6845
3303 2508
5509 6001
7415 2381
1573 6057
2339 5125
6505 1460
7842 647
7980 6357
6543 6597
1933 5480
2524 928
6056 1560
1548 5373
2028 6740
7396 6732
7146 8014
7933 3893
2548 6224
4036 2215
1914 624
4768 3231
8099 3418
7300 1312
1676 7873
1631 1182
5524 5430
7318 6709
4344 1379
3182 3372
5685 1656
4051 5683
839 2559
4198 2522
3883 3081
2540 6243
71 7842
6775 7808
5218 3750
6997 4860
2842 2518
7870 423
494 7541
3530 1889
1797 4949
7357 5255
7792 4894
5941 5883
894 5717
2695 3328
1558 2536
910 4751
6008 6093
6701 463
4976 5613
7853 1716
4772 3675
6224 4809
8078 2585
5067 8045
102 4200
2255 7086
6165 3682
202 6930
3943 7574
6446 1438
2104 2836
460 2097
1143 3354
5896 5725
1396 2771
5310 2395
2050 4700
3533 338
4272 7579
1116 2332
4290 990
7008 2637
4752 81
6163 594
7768 1231
4334 477
3534 6167
7216 3782
6757 4202
5330 695
4594 5207
1077 3947
1896 7781
2630 242
1869 7089
4017 1229
6881 2215
1807 5371
1948 6685
6033 7150
6413 7425
3215 354
1171 6375
6511 3617
7380 5141
5501 6392
6887 3415
7201 218
4434 7093
7665 4457
1093 1006
5202 329
7030 6252
2471 7337
7666 4860
4667 7597
406 7546
3820 3398
5104 5273
4707 1006
4981 6917
6916 567
6210 2334
4811 1034
4835 3226
3028 5792
1493 2838
951 3631
6952 5285
2725 5086
123 3767
5255 2539
5909 6170
7842 3563
171 7894
6410 4001
7634 7807
2164 5684
6102 4927
6694 4439
5968 3050
7327 5033
5789 7565
5086 2176
4173 7954
2528 1815
3284 843
1708 5548
3 7112
1002 4741
6594 4460
2514 1885
1170 7045
4449 4817
2971 5241
7762 1721
4150 654
132 6446
7099 3817
5483 557
2022 1664
921 4782
433 7511
4692 5819
3406 2325
7555 6479
4326 458
3636 8036
3339 7984
3810 6644
686 3943
468 5204
6662 4208
5740 7815
6612 4743
2791 3961
1196 6732
7222 3197
479 6443
7826 7128
3601 1983
7905 5365
2098 4690
3307 3611
6281 6581
1804 1825
1062 2034
46 4101
6952 2313
5487 3213
3335 2209
7333 3549
5099 487
6043 6193
5122 401
7145 508
293 4188
6500 6834
596 1869
2085 7295
720 7495
3971 6991
1269 695
5914 2401
4498 1019
1016 2356
2631 6614
4636 5505
7605 4842
3159 1155
1957 1955
6934 4794
2467 5311
1618 1962
2524 1685
3476 6926
7925 146
1499 3549
6899 4021
2593 5308
778 1514
1479 3440
3571 2780
6932 278
2896 6616
2693 2159
6994 2774
7707 7130
7176 5456
4075 6110
315 4988
7437 6821
7513 2277
791 7711
6021 170
2819 2924
1175 2285
1560 7028
1456 218
4748 4756
777 1640
5809 1473
5389 7481
242 1314
6085 1630
3304 2026
4390 6484
2415 3158
7069 796
4465 7881
4500 3730
7011 2000
2725 2848
7966 3722
4808 7073
5350 5272
5454 2988
3255 6435
3470 7369
4103 6986
1460 2078
3421 907
4526 6695
6925 2976
2655 6631
1534 3578
2244 3155
4460 7353
2077 5300
2245 3829
3806 1223
2966 6001
212 29
8105 7631
3862 1481
7061 2640
5151 4085
587 3861
5420 6011
2013 5583
1294 3723
798 5751
1945 1658
4977 3524
2435 2194
3570 2662
8085 4219
6009 7451
5626 813
5176 254
5839 4199
4512 7825
4485 899
3107 6238
2691 3377
3655 680
7197 4393
3861 5117
7065 4379
4417 4705
5389 3827
4286 3123
57 1710
2919 6160
2894 6722
392 5659
945 1718
4173 7979
5875 5400
3219 3798
5298 3129
1477 802
5177 6431
2136 1636
5562 2124
1849 2512
5714 1385
4324 714
1989 4468
1248 2984
1366 5620
1511 4639
2168 5662
2553 267
5221 1537
3052 240
6119 4407
2247 2803
3018 5059
2172 7742
3068 4365
1156 124
3082 23
7745 175
6672 6858
3901 196
1007 6042
8070 3554
4875 6097
7154 453
7274 5990
5748 7382
4446 6948
210 5604
2570 4788
6014 5841
3446 7992
78 7165
5019 2285
7883 50
7242 6260
1941 1774
4352 4132
2580 7611
4817 4341
7802 4976
4554 6212
1727 6711
6666 1513
6588 577
3738 7481
5830 6705
4116 1802
2207 2738
3781 432
4141 5178
3248 6470
3579 4869
1122 5715
7317 605
7827 1447
7436 3879
5436 1116
5860 1051
7119 6976
7827 6257
6162 2138
1710 7322
5314 7343
2684 4202
4558 4649
4203 6817
836 3309
6419 6994
5120 783
2136 8186
1847 3781
3543 6353
3724 4200
5038 7657
8183 6434
7346 6985
2301 1715
2832 6052
4259 7185
240 741
7552 2711
69 7937
2287 6547
3520 2072
5228 118
7582 5422
6338 3850
426 1633
959 2064
7709 4502
6119 6058
5117 4334
2132 5313
4039 301
6412 1714
7314 6928
3333 7836
1387 4978
2100 4255
3347 821
2717 5882
4756 1
4203 4045
4601 4676
2061 1005
7737 4102
6367 5126
6152 7488
4555 4873
2827 2021
1351 664
5424 7554
5660 380
6441 7219
4563 6036
7551 6694
1587 1994
3530 504
1522 2077
4880 5148
7711 6945
3965 1354
2641 6250
6507 3073
7033 7961
5818 3976
8084 956
5069 4062
385 2657
2277 4971
4426 5148
6380 3908
1685 1534
6936 1152
3351 2923
769 3050
4179 7178
5667 7212
1442 870
5948 6139
8131 6602
4369 3901
3339 2850
6580 266
1711 1065
2244 4571
5861 5651
2610 364
3198 2774
2532 3581
1458 2285
6912 4257
5812 4291
7242 6679
649 2020
2866 1622
1722 1345
7388 182
4459 6617
3124 1148
2669 4313
2238 5778
1428 7084
5881 3522
2978 5040
1336 4879
4920 3157
6452 4370
6996 7571
5389 6541
1006 3229
7142 1735
4504 1701
2502 3115
5327 2726
2453 5245
5293 1718
40 7280
3213 7276
1208 1194
4035 2115
3666 7973
6400 1745
4158 7224
4540 7246
6267 5899
4956 6198
5531 2494
7543 3138
1914 6332
4230 371
853 4940
440 1010
4559 4830
193 57
1996 3791
7060 7713
5703 182
7853 7520
7117 8146
1993 4235
2073 3073
3827 3629
824 1453
7139 3621
988 771
1010 5482
535 7101
3302 4152
5028 3770
743 8160
5567 6110
8077 3255
5741 2324
7550 1181
6698 1817
5962 2189
3479 8037
7617 1085
7954 3488
6700 721
1009 1746
1580 1508
8052 5811
4579 3535
7811 5926
2624 5224
5262 7097
7941 5332
319 4036
3429 2300
3154 6221
1210 48
2508 1637
6137 341
2283 7599
5481 4430
615 1936
3649 7077
6736 447
2433 7757
8127 6175
2555 6055
8032 86
4447 1728
2530 3132
7757 332
1936 5164
1884 7462
4891 7198
6698 2928
5735 6971
538 98
8015 6735
4864 7493
1382 5016
452 5261
3799 5283
2756 3272
486 1582
6470 46
3377 6233
838 3663
7054 3186
3466 1791
1255 6456
4345 5956
2360 7038
3616 6382
6061 2240
6880 612
6333 6312
5939 536
4422 6771
139 857
5008 6251
2685 1170
275 5499
4047 2874
1735 2398
7986 8111
3255 5052
5792 4055
7127 424
3331 7598
2314 4403
7861 3228
1420 966
5144 6732
133 5356
1364 7361
1828 358
7478 5761
2577 3059
502 1567
5640 2296
5290 5967
997 2078
6991 3256
3697 5845
1156 7022
2726 5494
3323 3913
4785 488
6020 1436
6832 1583
487 6992
6936 1599
3838 2435
1057 5098
7606 7550
3479 8076
6027 3236
6554 5451
6678 4449
6330 5938
6815 3276
8024 4980
6556 6016
3612 7079
6917 1080
3716 3833
6665 4133
4218 8113
3041 7753
735 2869
3079 6928
4020 2143
7217 3063
7097 375
3371 5182
6895 4611
1525 6956
4583 6325
2779 6041
105 1826
1951 3460
1316 4718
722 7759
3429 7939
895 1831
5225 5180
7548 7801
538 672
1646 293
8142 1179
7738 3513
167 2321
4462 2676
6601 6080
3163 5422
6305 513
2604 7730
3391 4362
2373 7897
7013 302
111 784
3347 1066
4850 4224
2019 6528
5253 5877
3740 2545
1918 3385
4032 772
4224 3173
3314 1276
5021 2942
4486 6551
7829 2406
899 8118
6356 3867
5148 867
6433 5469
5532 7943
4776 2469
383 5919
2398 2472
5846 797
618 1926
5654 7645
6549 2237
1184 6960
1087 46
7271 3386
5717 3130
1138 4215
5799 6017
2953 4553
7123 536
5805 7002
4783 3372
5865 3155
5085 4498
567 6655
6599 1483
3041 1281
3725 6424
3627 3142
1261 1684
1925 7304
3264 3187
262 2809
1501 7103
3331 1043
2374 576
1695 7696
7517 5270
7487 2927
5145 259
7158 7251
5669 2126
1815 3451
5153 45
3991 1509
5433 5405
1364 4538
3332 2370
5869 1084
474 6268
7913 6220
683 7964
4221 5747
6506 6244
6489 223
7158 7950
7692 4579
3855 5110
4955 2242
590 5767
3923 534
4316 998
6646 2565
8114 2941
5211 4022
3070 2676
3204 6490
7156 1181
7527 5646
634 1607
6244 1739
2470 1716
6020 979
6944 107
4791 4992
5064 4179
26 5994
2021 3700
1003 3219
7777 2941
1517 6843
5209 6940
2505 5933
2405 4175
5400 2811
3728 2197
630 6610
5014 1854
5964 3014
3304 1570
7226 6789
1357 3452
7729 1851
2521 7236
5270 1118
2543 6441
8027 4266
7982 5607
3829 5269
7437 221
1977 2076
5716 5635
1676 6549
953 3138
5176 1722
5721 4963
6915 3680
1472 320
7987 2341
5291 5498
5484 563
2694 3550
1664 5153
7323 6673
6457 6074
993 2111
2567 5967
3127 4864
3095 122
6622 4507
5614 952
647 1795
4644 1083
5960 4101
4046 5303
926 4814
1717 2404
4573 2862
4467 1826
6511 4988
4429 3919
4058 5321
6652 2936
544 6978
7249 3400
2052 2753
7093 3327
591 2093
4846 1033
1305 5640
7521 6934
4530 3676
136 4570
3505 1596
719 4817
206 6050
2563 2760
4 3685
3707 3116
3102 7481
6802 6865
1508 217
39 97
1394 7243
5551 4981
1032 8004
1383 3614
7136 605
1650 1242
675 3581
7873 6833
2745 2624
3414 6294
1049 4128
3627 5983
254 6674
6052 915
6305 4930
6467 5336
7367 2751
7562 3893
1278 1134
313 556
2639 144
4125 6831
527 3287
4191 6105
7215 1445
5423 3166
6446 3905
5866 3864
530 1164
6059 3570
6974 6334
3123 1289
3 7119
1359 5763
1355 4605
1328 2925
4601 3728
2090 4414
7220 6746
287 3778
6902 3043
1755 657
5401 6134
1506 6250
5181 5280
7718 7793
7449 3464
5022 414
1756 7210
7550 4872
3939 6514
5346 2103
622 7889
5088 1618
2085 3008
5627 3270
38 5212
3893 5560
6595 7117
4030 2635
1050 2643
2274 3119
2385 5109
8012 338
2339 1507
6311 499
3640 2805
4191 4158
5388 1699
845 3944
5638 7282
3941 1730
1434 2114
7530 5257
2837 1787
2282 3930
4664 61
4172 275
6726 1623
1588 1162
6182 1173
6345 5240
7827 1112
740 862
2143 5284
5363 7701
6186 5442
7871 2248
3717 3901
3873 7500
6363 3509
5159 6973
3666 433
1020 1034
7296 3850
3955 3912
7188 6652
1883 4994
5496 3462
6542 6297
4904 6618
4113 401
6301 278
150 4123
5174 4104
1985 7498
3185 6174
5660 4319
3390 6354
3762 6487
4148 2409
1215 4897
7720 7084
143 4940
4424 3026
5940 880
1740 7005
3655 2597
5547 5978
972 6012
4995 6471
254 1845
1813 4451
4897 5193
2452 7605
6077 5934
1225 2247
367 856
3187 3928
6428 3827
2161 5816
4534 5691
4814 4920
897 3666
1318 7186
4856 3716
2770 3542
2300 2063
3268 916
707 6790
1519 7961
5387 6904
3167 2640
4793 4193
6684 2377
7247 4485
867 844
5877 8134
956 1013
4033 3152
5907 4946
213 3188
4425 7883
2000 707
3244 1960
5359 3724
7126 2502
5167 1199
2919 2704
4977 5605
4781 6019
4917 6944
1578 2361
2821 149
74 46
3439 2558
327 3427
1106 2890
1192 3156
3374 3729
5701 4614
7053 5465
3894 555
4282 6461
2559 6656
5016 3238
1975 2333
6005 4091
5333 6281
4535 1028
7391 7929
5013 4694
5113 2595
2293 5238
1830 2815
3014 3820
872 970
7254 2888
4608 4589
3542 8085
3223 1602
1201 5447
6465 7361
5789 3687
1367 5126
7140 5296
3768 4701
3037 629
3972 4024
5655 7076
5701 5430
5324 7395
345 7943
2165 5055
8054 2744
7500 1741
6034 5747
4424 397
2395 5671
2435 2016
518 5633
6246 5555
3974 7674
4407 6662
6187 3723
5795 1622
7608 8010
4961 3353
8179 8122
3423 5091
3637 2849
123 2201
2673 2086
1670 2193
7902 2665
8112 4032
7929 4190
6345 4800
724 659
3152 6202
6610 7500
6189 4530
7506 7872
5414 5137
6889 3547
5132 3757
1692 2791
1426 217
548 602
3779 1612
7037 4186
3827 289
7125 4786
1857 3025
2001 7591
405 248
625 6475
2016 3737
828 7426
7381 7271
3694 7130
4414 4912
2207 6845
7485 4507
5635 365
2662 541
7571 4282
1517 107
7580 4911
724 7915
1786 7533
843 5764
229 6324
5913 481
6212 2648
3724 3448
4298 2671
7295 6644
2662 4919
274 2186
5574 3693
1726 7274
8049 2055
839 3233
3988 6004
4374 2739
7152 5812
4443 6372
6257 47
2118 7353
3675 4728
429 3967
5335 1553
6262 2559
6329 1724
5044 6005
3127 6180
1737 6898
21 5453
1083 1992
6558 2533
5830 300
7341 8121
2213 7566
7959 5536
1477 4834
4254 1340
7495 4586
1538 7941
7182 7256
5507 4668
1757 864
82 7383
2554 6584
2131 4552
1819 6573
4957 7057
3012 751
1896 1548
7519 6139
5571 8069
1384 7756
6357 5120
7629 2505
1454 1802
5870 2131
94 3587
2803 1011
7411 1003
8051 8108
3312 2212
4622 6383
2841 1200
6117 5088
4947 4160
7800 7356
4809 2838
1098 626
622 1698
676 7063
6274 6859
4119 6832
3241 467
6801 713
4632 5647
1700 5238
6822 2391
3034 7414
6659 4313
6082 1362
7866 5393
5936 1732
7056 4959
658 4350
6471 4525
7961 1748
4662 623
2027 7244
4026 6530
2769 5571
7592 3884
1393 2088
217 6546
3207 792
5123 7420
7504 8107
639 4095
5209 1161
1816 460
8148 5135
4042 2494
1565 3622
4667 1305
1620 1773
6945 3023
5955 2708
2065 3979
4679 3916
6292 3646
6771 5645
7101 5870
6620 7888
487 6810
6546 4125
5046 7045
8097 5987
4029 1893
5351 1044
2427 5802
487 1296
2112 2018
2634 7131
4334 3629
3392 7363
5252 2521
4526 5651
569 1073
1683 6086
4111 202
2325 663
2942 3126
325 5967
6059 5844
417 7933
6601 6802
5099 1140
4707 7582
7724 1194
1779 4571
3549 2074
704 3792
5572 2883
1508 2641
2120 3259
7687 2506
8009 6174
2956 115
706 950
6216 2265
2346 1467
2502 4210
3526 3432
5489 7489
3633 7416
3118 3165
6206 5186
7072 7765
149 4972
2177 3488
7322 4705
5090 3420
4409 5169
7223 4351
625 7952
6997 3084
7361 5285
4040 2850
6747 6232
3874 5528
1310 329
7705 4425
7747 6198
5060 7880
2281 7748
6607 1195
4132 938
6112 3649
4969 3945
6380 4903
6494 1341
7687 5986
6484 3704
6179 5947
1180 223
2430 5429
4803 1176
5722 674
5200 3722
6684 1816
2446 2777
1142 2868
4338 1556
4913 3479
3745 1245
6311 4560
7311 4780
3411 5251
7905 4935
2897 4764
4292 8059
4304 2071
346 4934
8058 2311
2942 6790
85 1154
3361 4090
4360 7434
3937 1791
1288 2741
4084 1969
5864 5304
7890 3409
5623 3775
4283 245
1627 1879
1691 5993
1981 775
6440 7601
3716 1845
6120 3682
953 5579
1233 4218
5176 1076
1152 2609
4071 4021
5676 772
1869 403
7973 4867
442 1327
2356 7213
1735 1652
6414 2918
6361 7554
5415 5121
293 2648
5620 4538
5927 3505
5612 4633
2470 5409
4712 7446
451 3531
1051 3887
5425 1054
5804 2748
7292 7138
6210 481
2553 615
1354 4713
4174 1778
6473 3697
3190 4324
7011 2415
5009 6046
7069 5001
6282 4457
3814 3977
137 7002
831 2702
3913 6589
531 3077
1785 2011
5357 6565
6151 5204
6592 2360
2139 3486
3782 4723
7139 3406
83 7572
409 5084
3932 956
6314 5858
5426 4255
2908 7788
4879 5639
2941 2770
1831 593
1140 1727
8055 7515
541 3113
372 4512
3006 4590
4773 3045
4197 3171
1314 4351
2729 7072
1940 319
7867 972
3017 3611
2834 4386
5187 7328
6654 979
1222 419
1443 1961
1458 5320
3567 697
5710 5261
2481 286
2326 3140
6679 7163
7511 6576
3513 2717
2926 4589
7521 7522
5166 7555
3299 165
1420 2234
241 5205
8154 288
5441 6785
2473 159
7053 7236
6891 7337
3259 3713
6465 6457
3348 3332
7928 6407
2138 6849
4595 4047
7176 4116
6363 7306
2008 7961
1310 1158
5367 6491
7131 5393
7281 2811
5305 8032
7627 7148
815 4667
3222 3346
3166 7605
1037 8107
5090 371
1817 2787
3047 3108
6760 7313
7854 2591
2864 6214
76 2538
6223 7879
4678 1805
7580 1364
5123 5346
7542 3006
8074 5297
843 6610
5157 4558
6786 3497
745 8092
1340 6256
1895 6549
8058 2868
5452 3194
2239 4213
6744 3004
2075 2664
4939 3853
6986 6557
1809 7999
5074 6258
982 4375
7994 5357
6863 6570
7899 1420
6425 986
2339 2680
6634 1492
6911 5508
1191 2569
3987 3657
7682 3772
3590 7429
68 356
4807 2755
4673 7400
3529 1942
6065 7271
2509 6665
5260 6000
2136 905
885 1968
5737 6278
6650 1413
2783 3713
1359 1154
5984 6479
4373 11
1952 7887
2472 3134
3414 1812
5981 5711
6339 5659
2453 5647
3814 7524
7076 487
5825 380
2219 3241
3838 1283
4849 4740
4188 3433
2146 922
3917 1941
518 2540
570 1717
6954 3134
6697 3636
2875 79
447 3280
5716 4476
4881 161
5498 4012
7461 4328
839 7216
4861 1543
3116 1485
71 7546
295 2299
2034 7445
6669 2211
2466 4498
829 3256
4799 2812
3985 632
2333 6428
3003 7252
6153 724
2624 6053
4947 6444
1169 6188
571 5208
3323 4292
2362 892
5360 3071
2812 7834
5925 4641
424 7999
5250 5520
3467 6958
5607 7364
1149 5617
6893 30
3482 3749
5118 7899
4810 5791
2532 6798
5239 157
2575 1236
4718 1593
3815 4581
7350 3178
5606 7918
5061 5599
5240 676
3257 7149
3029 6611
4939 3252
1633 6386
1077 2842
5000 6768
702 4867
6891 3069
3095 2810
4785 3439
6154 3279
3645 1166
6818 4956
7367 4023
6633 1483
866 4906
1531 2050
7415 7249
4006 4160
5036 7353
4427 3778
5775 4056
6962 2878
1482 1494
2804 5074
3372 4477
5151 5841
30 6970
4454 4138
7167 8185
7962 1082
6742 133
7558 7386
738 2800
324 379
6107 5765
8098 1028
6292 6965
6776 3065
6963 103
5994 3632
7116 678
6224 7203
401 4615
4219 1999
1377 5717
5688 4186
629 1193
5054 7252
2854 5908
2031 99
3234 1080
3391 6622
7417 4061
4865 2633
8046 6398
2672 1879
1507 3635
7527 7808
1402 4696
2041 7485
4757 1274
3861 295
7578 1871
6477 962
654 6337
5809 4014
820 4897
1552 3312
1361 6935
1397 1753
6052 6165
3167 1197
69 2575
6490 6981
2490 7119
8006 4402
6206 2637
6510 6194
2559 5960
616 2016
2650 4951
413 6452
2902 5579
7986 3886
6461 4788
6718 4691
2707 892
4863 4734
16 7990
5181 3707
6038 4918
6017 622
2916 4488
4799 6665
4173 3430
5784 4795
1625 7753
1465 4048
7415 6200
5665 1174
3764 569
2100 932
1123 1160
6965 6466
5556 957
3245 1142
934 7018
4771 6803
7733 5955
2813 2573
611 3888
8185 6755
2698 4832
1409 1971
1457 5294
4640 4028
2563 6984
3438 6590
5836 6573
2164 6254
2652 6600
1909 4038
2319 6626
7708 35
1945 5940
4710 3679
2095 7723
5056 8031
2756 3451
6726 8022
4480 7062
4386 2049
3659 2851
3946 6736
3322 2005
4574 7518
3152 2171
1196 4700
6671 7501
1995 2749
2951 893
2079 4897
402 1717
1291 8047
7647 3493
4997 2946
7393 955
6228 8088
3616 521
3651 587
5605 3852
2113 5275
1331 3768
4601 4899
6351 677
2946 4799
4599 7493
2955 7943
2842 7779
975 1266
2070 869
1590 7486
5756 4414
2155 7182
2294 7490
1966 1350
2619 1980
6721 1705
7040 1953
1608 3616
4160 2478
7477 954
7289 3169
1284 7541
2008 3518
1029 573
4330 3483
4684 5243
2494 3452
8159 2502
463 7952
4042 1008
469 5610
1964 6618
1220 4883
161 1300
7636 1156
2503 314
3498 4408
2788 4241
6131 1422
1386 2963
908 2562
6290 3816
7792 6878
165 2580
3317 2880
4428 88
507 2896
5828 1948
7779 5550
4208 4980
3119 3294
3842 5215
6375 917
3446 1139
7006 1025
6300 5989
4832 5388
8129 672
6199 3046
2858 3926
1212 726
4215 23
6238 5767
2032 705
6056 7270
2116 6742
3760 7718
560 4815
1416 1835
1324 8003
4422 4825
399 3896
455 5516
4645 312
3340 4412
3632 7378
5628 3060
4889 5504
6707 4413
4382 5274
919 4564
4545 7769
1710 8021
4952 497
7214 5161
3319 6029
7544 1518
1168 3215
202 8159
6859 3994
2342 5801
54 5360
3390 7836
864 406
7910 1121
1083 3584
1491 606
2150 1070
6837 496
5830 4168
7306 7464
169 2962
34 7856
2559 3654
1374 6857
4830 3336
5826 4487
2947 1975
1788 2601
7336 4440
7886 5686
7063 2972
5028 4160
5899 1429
2309 6625
1911 6446
5097 6370
4469 7010
3948 6773
466 493
3872 7720
5155 1277
1462 3689
135 8058
3299 6629
2124 5878
3482 7783
2013 4253
3145 3475
5201 3267
7615 64
2782 5869
2886 956
5867 6242
1673 3366
6475 5194
5803 7736
8074 4724
2628 1583
7804 1594
4624 1633
530 551
5011 4844
1632 4939
644 6363
7396 4389
1927 1635
865 1551
3264 3093
5189 322
599 4296
1098 2661
3911 4893
922 7106
7722 7692
2367 2275
2478 8182
988 6155
5773 3497
2648 2658
7142 7658
72 8011
8075 2123
4490 2464
1947 219
7690 3046
2485 6460
7484 5693
7565 1472
2205 2464
515 5850
1909 2797
4435 5317
5087 7599
7036 6470
6223 158
6518 1969
1037 6153
6369 1328
4404 5242
4050 3090
4339 1898
357 6630
7143 2554
4902 2783
3951 3813
3707 6797
2233 2678
5742 5285
6354 4755
6149 2924
7111 6839
3006 2721
4417 5220
4073 7357
1679 45
1484 7860
8136 7779
3148 3068
447 6150
145 3509
5313 3403
947 3732
4492 6028
4264 2838
1291 379
1374 7597
3451 5896
7637 7284
7630 2652
1941 1512
2297 7993
2096 223
3687 7026
3021 5678
2389 5787
1410 6678
863 5044
8143 5046
5847 1108
1614 5295
5563 1937
227 3068
4228 3554
8113 7199
7967 7875
757 623
464 7277
3373 4493
6352 1650
6447 266
1631 3190
5681 2870
994 7729
4809 3238
7292 386
5990 1191
5685 374
2577 7672
3629 3965
2945 5634
7329 7606
3187 5517
1169 4101
2013 3572
6931 189
7077 5307
1494 316
4544 7000
5789 6888
384 7783
6930 1491
5392 3442
5448 4520
3263 5175
7117 5207
7108 2455
7145 1410
6299 1298
980 5839
2163 828
6374 1063
3473 3693
1279 706
1336 1873
861 6253
7024 2445
2881 1847
2310 3137
3231 4974
79 4719
2462 2036
7437 1980
596 3196
7258 4791
5658 6054
1739 48
2188 5501
1763 4992
2188 6843
6586 3940
7695 7117
2118 441
2801 7491
2919 3127
5702 7264
2696 7184
2263 2552
7695 635
7242 3156
6711 6422
5124 5533
6622 1286
4190 7310
3951 3564
474 6083
3593 3818
4605 6269
779 1131
7035 465
1057 2859
3749 6771
2723 3384
4649 3886
5343 7430
7081 491
6091 1449
3439 2789
1322 935
6551 3130
1469 7144
2605 8041
1453 701
4754 5607
6925 5998
2602 7241
7845 4719
4719 6457
7036 7792
5928 7715
5758 2798
7309 1347
2780 323
6233 5366
1862 543
5559 3188
1702 6449
4771 7803
7207 987
2003 1286
3378 1147
2127 3203
7020 7253
6816 936
6158 2026
1728 4735
6581 1187
5828 1228
1250 600
115 1856
5693 7580
8063 1171
2407 4345
4812 692
2622 5545
2033 3703
359 2864
6426 8152
5277 2134
4666 4287
5785 1997
3795 6408
501 34
3955 245
1924 4530
6555 4490
4807 2097
8099 4502
6384 2092
5581 5652
4162 1143
2536 1561
1908 7085
2686 2113
337 7161
52 4244
3494 5341
253 552
1823 7626
3510 2638
1645 1301
1548 2669
5656 2866
7230 7230
241 7748
5397 2142
493 4119
533 7533
526 4616
347 714
7269 8151
3908 6890
7562 2313
5339 7633
5550 6322
1518 5930
3174 3621
5668 3423
1493 712
2699 1554
7231 6057
4582 2889
2812 2584
1899 5759
7165 7145
2856 7533
710 5940
5429 5456
2273 1815
1917 8081
5958 3311
2485 3276
7420 3783
4888 5631
8041 6765
5823 1635
7614 1179
875 3780
7935 1631
1688 7933
1235 4292
4822 6707
6491 8183
7440 424
2704 3837
3463 4455
6059 3443
4200 7241
37 3306
1155 502
3541 7787
7801 1204
4580 534
245 4672
5937 3767
2931 2037
1781 3229
7318 5377
1819 7313
2482 3909
3638 1059
5068 2864
6106 395
3662 5337
6152 6540
5243 5432
7571 1004
2254 3605
1294 1321
4561 5057
2403 3613
4404 4984
1500 328
1745 1556
1946 6693
7279 9
1889 4617
647 4530
3296 745
2957 2940
8102 1684
4580 621
5824 449
7134 3324
1783 7497
794 6986
1403 1829
5163 4605
839 1534
5712 2127
2040 3816
7661 1054
4285 3544
4437 7581
103 3048
1249 6063
1973 3184
6962 127
2394 4886
7634 3286
4016 488
7210 1483
5383 5961
3823 505
744 8131
6087 728
116 7510
6595 5152
458 7026
6236 1613
5564 5022
7243 4829
4712 2444
8017 4543
4166 15
7886 5999
3368 3017
5033 622
4497 7765
529 2820
3551 5999
3742 4759
468 246
7351 6720
2887 3603
2603 7450
7992 6922
6334 429
6206 5455
2828 3751
4517 5270
4801 2506
1826 1784
136 1309
2945 1713
5587 2745
8083 1180
4272 7765
4818 3867
5538 4974
3949 3104
5344 4206
2821 1795
1773 5060
3968 7433
803 1883
4674 3170
8147 1374
2632 4133
3809 5250
5745 4
6859 5161
5265 763
1342 3940
7067 4671
2945 6156
7287 3933
1667 800
6463 7192
5616 6800
1726 735
1810 2258
7872 5443
7967 7569
5195 6095
3304 480
2530 1802
13 6944
4759 2049
1535 3751
109 1054
7240 7693
3593 3977
6411 3289
2888 2917
2040 5505
6404 5235
6772 635
1952 7908
6179 4217
3083 6258
6214 1553
2531 2750
6850 3925
6400 960
1589 4360
5687 7642
2292 40
6401 5530
4475 3061
6467 352
4953 174
5041 342
6578 6545
6657 6096
6455 3362
522 3594
7460 2881
5544 3425
5033 5301
812 2333
2144 1098
4962 7385
875 4863
5174 7146
3689 5835
1599 4842
842 2449
2905 4310
794 2090
3603 4485
2166 1042
3086 1407
266 593
2067 1579
3631 1816
7270 7099
2484 5423
7086 399
6825 5387
113 4166
3582 6383
6502 5227
5720 1752
3407 5404
4968 272
4377 4415
1583 5051
234 7981
4309 7564
1771 5833
3962 2254
5978 345
5188 1971
6565 3387
7122 6262
8140 1691
4330 4498
3673 1719
7991 2294
3462 46
1692 5550
299 6331
2397 1588
7056 4293
1024 2561
6252 2401
6461 3589
6199 5279
6792 7628
7960 5053
2675 970
3616 4329
4769 4785
6391 5112
4750 1913
7080 4451
3670 7690
4985 2327
4706 4258
5670 278
2825 3157
4564 4308
7082 6153
7628 2965
8017 591
5266 5082
6595 3311
1349 4838
3787 5971
7604 4822
668 2071
498 6853
4821 4515
5137 4855
8148 7925
6080 1450
1232 3266
6488 3686
6864 5717
7843 7880
1972 6185
6089 4756
4978 7007
4190 6168
6764 5677
6071 1970
4126 4445
2150 1907
3145 7151
7056 1238
3958 1811
6120 1347
581 2063
7875 6575
6598 7347
947 6046
457 5384
4810 6903
2719 44
8019 4841
6498 2770
7484 5
5861 3845
1295 4581
4144 4577
6117 7478
6694 3461
288 6439
5957 7826
4468 7510
2134 1327
5086 4741
5165 3280
1560 4822
354 5381
2223 2587
572 2213
590 2097
2995 7730
6046 6028
6294 8075
4421 1836
5500 4784
4900 4567
4035 2392
2145 2556
4727 1118
4975 154
8034 6594
7611 4598
3449 4504
6528 634
2464 7765
33 4664
1693 1909
4331 5241
4325 5192
3240 7123
2956 6862
5617 570
6482 3300
5466 1141
6213 344
1874 1139
3232 6210
7988 3874
3614 185
8100 2911
5261 1254
351 7943
6411 2811
4104 3483
2580 4734
1425 6627
436 3802
7967 606
1775 5567
4727 2282
2736 5898
3692 5475
2569 5885
7836 7267
3975 3036
2326 7392
442 6452
3094 7885
7004 4078
3237 749
729 5853
7882 246
4290 2455
5822 4678
1885 2992
4263 5285
1743 4238
1620 7557
8057 3773
8184 6170
2395 6738
5799 4423
6196 4425
3796 7473
2810 8190
4341 2257
2383 5908
1383 5763
3226 5143
4368 1667
5693 8126
6890 4442
4303 3399
7312 858
324 987
1040 1480
3493 513
6690 2673
6393 2816
6300 6395
3356 2362
2666 1471
3652 284
8188 5921
990 3776
1675 2167
7601 2406
5946 4577
6729 6407
7612 2403
3207 7046
3802 1386
7486 1082
6722 1177
5724 7766
1652 3247
6174 3025
8189 184
6617 872
3592 1625
5668 2231
7872 4972
5734 6887
173 6657
3900 4859
3040 3101
4697 3712
7638 548
89 1738
6025 1155
5268 3450
2796 3534
3101 5100
5416 3784
4981 4620
5432 1375
3129 410
4909 2328
4206 6106
7459 2887
4770 5616
4353 1809
7922 6586
6323 2277
2971 3469
6464 7766
1935 4457
4485 1816
3198 1652
2322 4818
5462 5366
6886 6358
2855 4464
6485 2791
4782 1680
5338 6082
6723 5126
3835 6639
7423 3509
7450 438
2354 7711
978 3951
5006 2535
4621 181
608 2159
4725 203
1125 825
3426 5235
5072 5054
4540 3620
8070 5406
6899 3418
935 6341
190 1903
1407 269
7878 317
3349 3845
62 1151
3231 2712
6115 6326
5033 87
5825 3868
679 7139
8049 7126
5207 1765
4179 2334
2099 4140
4356 4656
196 6014
6954 7161
5730 7392
2472 6663
1644 7396
1533 514
5485 527
5304 7673
5796 1124
7448 7585
1185 6691
326 3988
3153 3552
4356 1126
3102 3418
4612 284
1618 7786
2557 4160
1 94
6019 3166
3018 3958
6477 7776
7954 7778
3251 3109
1205 2040
3683 7301
3271 6502
3414 2961
629 2618
1131 2518
3101 5598
2013 6838
3099 3829
5045 8163
6651 3757
3475 5799
6057 1207
465 7058
4142 1723
7085 1888
280 1327
4770 4282
6134 3171
4533 2659
6347 3301
4423 6517
5783 6830
6603 2668
4438 6675
3736 1497
7826 2359
4040 6702
791 824
6321 4345
2099 5378
5133 586
4365 7707
4651 4234
4181 1263
7801 1123
4944 7804
3993 3546
2464 959
5754 1830
4510 5130
4867 581
3775 2385
5085 4823
2159 2841
3609 408
211 257
2548 1778
2823 1615
7693 279
6570 3060
943 8042
75 867
3228 4539
1067 1247
3370 6548
3228 3196
6296 98
2895 4611
4571 386
8133 2953
3033 1256
1766 1497
396 3795
2270 7259
5498 5095
1525 1414
5924 7929
7364 2163
587 5564
3917 6455
559 5701
7107 1635
6217 315
5910 3884
988 4130
5403 54
2466 5946
1045 5954
2376 2313
3669 1607
3217 4866
2824 7411
4903 7141
328 1422
3235 6937
7707 8170
7847 1433
3550 2475
3016 3681
8121 2724
6245 3115
6952 4417
5336 3749
7385 7741
7921 3565
182 5042
2101 2062
7973 6387
4964 7466
3950 214
2038 1790
3911 3069
2674 1768
4375 2070
7595 5281
281 4475
1496 6693
3866 1295
7450 3278
1001 1763
4573 5923
787 3014
4490 8000
7035 6725
1218 5867
1027 5863
6772 1987
939 4232
6062 4915
3001 5824
399 7815
1373 3287
5929 829
5697 7308
4352 2201
2969 4191
459 7034
7352 8165
2276 3235
3883 3289
1318 6687
6304 1432
3202 3913
833 7466
6469 3649
6640 2527
847 2605
1061 831
3553 4699
3165 543
2610 3028
3876 2176
1904 623
2630 1271
7945 2012
235 650
5137 5481
4461 3488
5804 6430
6331 5151
2414 7053
1928 2590
5446 5523
6509 7791
7547 7941
4677 7463
777 1878
2928 6070
307 3151
3606 6123
4650 7951
5158 1790
1513 5525
3043 1672
7211 7616
6844 6236
2489 1997
6841 2332
6715 2745
7341 3364
1472 4432
3374 4328
5525 4761
2329 6307
203 2078
1148 7604
4471 1123
1257 1454
2839 3150
3365 2749
7709 6388
536 2971
6174 5735
1005 6633
3027 8146
1904 3341
2981 524
1750 3391
4101 357
1314 6813
7520 4096
5525 5690
1870 2750
2974 2808
3338 3438
736 7498
3640 7413
5719 4353
6033 4571
7861 4469
5781 3924
5890 7670
6972 8156
1738 3170
6550 2629
7343 3882
1589 4712
5931 6751
1381 6097
41 4898
421 7720
7443 5905
2744 3956
3303 59
1457 2130
462 2929
7478 7471
7663 6739
7399 6475
5766 3396
1431 2019
1383 145
5665 3745
1664 1997
3831 6103
2331 3256
3408 3959
1841 6465
4522 6377
3408 7930
4557 7592
6830 6667
6194 3461
4907 2648
3270 6582
4620 7036
2006 41
2361 89
3173 7080
6459 3125
7172 361
5675 3048
3211 7111
1100 3444
1823 6713
7268 4695
6455 2270
5428 727
5169 2451
4192 210
503 7634
2802 1043
6945 2524
3788 5119
2270 1824
3257 1491
1369 398
4709 6205
4039 7802
5957 210
5006 5851
5182 99
214 6887
627 4012
5807 103
4555 7947
2410 3877
6081 7332
4902 1744
6478 4876
7879 8171
6944 5630
2831 1226
4474 2364
7627 5984
8018 2719
2145 6772
1246 924
6014 6107
7197 3196
4456 1536
5124 2809
2721 3831
5270 6534
673 2524
639 3271
4788 1409
1906 3203
5739 4793
5880 2746
3175 3533
5620 6230
5340 7697
5653 7540
2692 8131
3159 5106
7885 6737
953 2569
4662 5314
4617 3925
121 2501
5414 2282
465 1972
5711 936
3614 4090
35 5395
6846 4934
7507 357
3239 6447
290 4121
5130 2793
5720 6483
7985 3973
2588 1321
6848 5923
892 661
6549 6758
2806 4430
1692 3253
3064 4618
2224 3636
6864 1307
2226 5330
2054 40
2478 149
7039 1700
3949 6306
3082 6512
6718 8095
5366 617
299 18
1962 5827
3436 4208
2223 5391
2630 6898
4630 7319
8060 1225
2636 4836
577 7324
4278 4461
5627 1792
6672 4223
6872 3838
6840 1104
7350 2981
4463 4700
2015 994
7253 6464
2811 1825
5057 2019
6041 7714
4921 4594
1663 2829
2878 3506
433 2037
1969 2733
899 1917
1594 7221
1616 6513
1278 6125
5660 4260
5307 1781
55 1687
3450 2337
3794 7085
5336 1685
6909 2430
6866 7593
2974 7038
416 6722
5851 551
4482 2499
5121 915
7802 1177
2785 4476
7066 8096
4001 6200
582 557
194 3469
7765 1167
5717 1773
988 2754
2690 1247
238 5746
629 5406
5086 324
4388 6081
5514 3946
3347 1918
1661 5693
4247 4494
228 5958
4914 186
4448 5284
7086 4900
3905 4909
1346 3536
2382 2631
1420 5899
3885 4105
4363 3679
5803 6478
7100 3605
5268 2682
1283 4542
6579 4656
4700 5400
5176 4659
3129 6426
5930 5544
2922 3697
2222 5848
359 6550
4908 3499
4975 1813
2371 102
7919 5747
5403 4335
4024 1174
2013 3269
6130 927
3559 4081
3164 2381
1681 5101
2275 1753
3512 5931
4875 3371
4424 903
7358 7998
3564 3864
6112 137
978 995
5226 6274
3679 6196
7352 338
731 4052
4215 4862
6033 738
851 4924
7026 5310
4241 4686
6922 2342
1967 2308
4870 6009
4949 3238
355 8078
7570 4743
1718 1839
709 3074
1450 2770
90 5931
5870 6927
771 2511
6081 2852
1425 2556
3852 5831
4456 5296
3219 97
7947 967
817 4142
5555 6753
5133 361
2091 2439
1690 2339
6385 7157
219 7955
2250 2141
5805 7350
5982 1647
4897 5986
2928 2717
175 4707
4836 7707
6044 345
7281 6420
5708 4716
7523 943
5444 6685
746 5119
1407 1681
7528 5623
1629 2838
1799 5533
1873 2237
4687 6376
415 4857
7562 5434
3989 8067
2661 3799
4270 4155
7315 3172
5216 501
5722 7761
7339 1697
8037 1086
7856 7813
6693 1588
1717 6253
5278 5891
1092 5684
6248 3945
693 7314
24 978
3964 1299
3040 4346
7421 1486
3350 829
5302 3498
4597 7951
8053 534
769 1340
7214 6573
48 541
6203 1810
5902 2356
3507 6722
6665 215
4115 2712
4148 595
2544 5414
3096 5311
5034 57
8136 4619
107 7977
6065 7296
8015 4259
3291 3304
6490 4352
3991 1318
5072 65
5731 8056
6574 2476
6405 4805
3772 998
442 6826
3964 1721
859 1814
3863 6744
3025 7161
2202 3190
7216 159
6370 2243
5296 6829
1416 683
4441 5436
412 3511
5917 6903
6389 596
8053 7690
3704 1180
218 1140
854 5493
6517 6102
7618 7683
8172 6360
1304 8176
1404 6793
2841 1575
7229 5980
4027 7362
3308 3899
1947 3035
348 6319
5981 8151
4857 219
6805 5877
5929 1121
642 4560
1650 5778
1078 2035
7375 3764
4754 4066
216 6407
6874 4466
7086 7168
1670 3292
3534 5760
1632 3871
1803 5500
8160 2515
7907 7070
6248 4859
4265 1357
7433 1803
1266 6758
7922 6505
4192 5660
2275 5720
2989 3423
2367 3509
6910 5023
5537 3186
1660 6887
4608 3614
1648 5529
1334 4967
1183 6895
2576 7425
4037 2744
7211 3530
3370 3729
2348 2739
7341 5046
7636 1811
5138 6124
3459 2882
1321 896
4519 2676
3117 241
2547 7550
2057 5912
5569 6783
6655 8114
1950 4728
1352 7198
5328 4891
4866 6811
3075 5498
857 4339
6585 3507
236 398
7882 7748
951 2121
904 1892
6408 5191
3382 6779
4631 4324
2802 4516
3630 4772
6089 5417
336 7263
6961 4643
7353 2766
8157 8073
5043 3212
6075 6977
1586 2759
1895 5978
4966 7033
6080 5224
4070 7672
2678 709
1410 5996
12 622
7960 2467
2796 2422
8167 3914
4717 8042
142 2229
8039 7555
6001 7793
2117 5864
1092 7658
2314 169
7166 7911
577 4071
1129 3491
845 396
6819 4904
5652 7826
3927 3669
4241 4866
2289 6904
4608 922
6460 6968
3096 6303
1471 6634
2473 676
2610 7227
7168 2993
5078 3602
6923 4454
5347 385
4558 3026
3175 3275
3950 4147
2571 2307
4565 4832
2814 7679
2730 1691
2209 871
987 6420
4511 2642
7678 6586
4653 4303
3154 759
899 1801
3410 1758
1315 1427
137 6566
6114 2710
3675 1659
890 7766
4386 5258
587 6667
5228 6872
7439 4408
855 4494
1590 1266
3492 7390
1848 1488
4372 2990
733 2102
6103 7403
1130 155
7215 7456
5638 2627
5216 1984
459 5196
2197 7817
7619 3971
6255 5021
5153 7908
3594 4297
7553 6338
361 2462
1869 3688
1456 3634
375 2296
1928 3818
4047 5500
882 2442
7620 4406
2541 3153
4875 3910
4995 4193
3485 6441
6440 1337
1463 29
6749 973
1952 3536
5107 7999
6017 1375
1083 6657
5236 4464
4527 3253
2449 1334
3690 2441
3109 7163
7605 6757
7666 292
3143 7121
1033 6395
5211 297
5486 1122
3353 7794
7860 5231
4333 5708
3532 7751
3324 7469
3958 3959
6472 4925
2124 2897
1448 1155
2082 3
4843 5751
7421 2267
7133 472
5022 3822
565 2928
1310 176
6732 1593
2651 4092
1220 7318
726 5984
6820 5131
8139 998
583 1077
2277 5109
3326 7432
637 345
7800 7853
678 3759
284 4494
7816 187
1058 8167
1602 958
3306 5576
7449 5870
1918 5033
3530 7411
3724 2042
2612 2190
1442 5716
4326 3465
6822 5418
4410 5755
7981 7720
5942 1369
1780 1009
4390 2467
7049 3472
4652 7745
2910 663
4922 5469
1688 2418
4560 614
5137 4715
3250 5760
6701 6007
5416 5190
556 3743
5936 5811
324 6333
8045 7986
476 125
2701 2054
4386 2382
1626 4905
8039 7839
4253 2294
4728 2859
4223 7789
2528 4536
3128 638
642 7594
4527 6295
7825 4859
6588 428
6631 3212
6825 4117
1347 380
6191 994
8115 7800
2932 5291
7908 1866
4804 4180
7185 1322
3556 4739
1071 1021
2354 1710
5549 2700
1277 211
6360 1946
6425 2754
2501 2488
1321 1463
5713 1418
6135 5908
2074 7902
3649 1888
429 5964
4638 3891
5339 3467
952 3913
2315 3779
5 784
1334 4434
7601 2652
7813 3450
2977 796
1601 5702
3125 4457
4882 4848
2156 5269
3735 166
6190 5617
5820 5754
6638 8169
7810 3034
6935 870
1829 240
7074 1728
3472 7017
5831 8078
4955 3506
5783 1749
2958 1029
7738 421
4003 6480
6176 4797
7984 71
6211 434
7820 7746
7972 4534
59 2490
6902 589
1511 2416
3023 4333
7835 5822
2384 7864
5613 7457
2332 7369
6 1892
7988 4987
4082 6065
7751 1054
3572 8021
3346 6884
4972 5574
2712 7915
3759 7221
4964 3467
3323 5259
1641 6350
4679 7832
4644 7893
896 4505
3128 4148
393 3876
2766 6834
7532 5485
684 7820
33 3997
4372 1905
4286 7181
6863 6982
1957 4447
4905 5199
7465 4621
4414 5104
7301 3338
2029 233
3145 2779
4521 4665
2042 3072
3491 6219
6419 828
681 7912
1860 5392
6779 1444
2363 6026
2761 4698
1676 7840
2593 6659
2106 5616
8036 2687
1689 7675
5383 7735
3135 6111
5036 7876
3734 2255
1541 616
7248 1291
77 2113
5696 6140
1887 1501
5967 7896
4751 5672
3534 6969
4923 1223
2868 1690
844 2095
2420 6885
799 5092
1886 5676
823 228
1985 952
123 2479
587 2401
1814 4488
7999 7915
6049 4502
4793 731
7482 2542
4916 5817
1250 7065
1744 1482
6368 3113
2742 6681
6563 7523
6188 4772
1531 6578
3984 771
6212 5010
3096 7019
1798 7562
7188 5809
4615 191
6555 6841
6207 433
3480 6754
5918 3374
2938 8062
3695 119
1243 5951
7992 1390
4642 6316
5316 7368
4435 1321
6489 6603
4845 1958
7975 7836
3573 786
4860 3627
1159 3090
1984 1845
5338 7549
4056 2064
5920 425
4988 7266
2693 4185
455 6234
180 2057
5902 6974
1544 3051
7102 4255
5396 3016
1215 2366
7666 6725
354 7742
5767 5819
4271 5503
8071 7710
2578 1817
6722 555
6356 2712
3327 2259
2518 5937
1117 6342
5500 6141
2050 1135
1086 2462
7625 7974
6683 1948
5145 4987
2943 1022
4348 4792
442 6788
4606 3708
4413 2428
7608 2375
395 6754
4943 922
4805 3013
3635 3277
4330 1476
5306 435
4461 5008
7578 3423
3250 5294
191 3170
48 3451
1353 661
605 2322
1556 6257
300 370
3326 5314
6667 5344
2842 6233
4944 3067
2302 3020
2301 6050
6937 7252
4807 6886
7683 7710
5738 3892
4942 590
5359 2011
1462 6037
2651 7894
3761 6550
3554 3776
1500 5262
313 2680
8112 2945
5430 6849
6489 5937
1402 7998
147 1143
803 323
3256 7229
7625 4034
1985 2523
5422 4057
4222 4381
2323 1884
137 1874
8109 3227
1484 1427
7765 4592
7532 8061
6544 7225
5700 5034
4315 692
2802 5770
3735 3888
6089 6536
69 219
756 533
5975 1977
4779 5226
3303 3024
1276 7859
1790 6670
6270 4839
7170 1058
4865 5483
2409 5407
1954 5164
2020 526
8090 4682
2303 5226
6268 5298
6543 1571
5587 3704
5698 5117
7857 6630
3121 4232
1458 4148
2581 6126
6473 7747
3369 2014
7720 8108
5186 6984
5022 202
4962 979
2098 7176
5157 2427
4950 353
7261 4832
3809 7947
3669 6674
1909 4044
4958 607
485 343
4819 2573
712 2038
3528 2716
4195 7645
4824 2074
2464 6057
5520 2536
2882 1794
5372 621
3086 4565
7810 6933
1667 2893
803 5203
1233 4431
6826 4625
3621 2799
5522 7254
1846 7742
4152 2511
6162 5741
4641 3244
8082 4399
3329 2662
4171 7165
4523 1298
1581 7318
4844 6051
3427 2523
7944 2742
4836 4376
6301 5017
6426 781
7065 3092
7093 6565
1391 5873
1690 5205
1783 5347
1333 2929
6194 7014
5462 8154
1876 4869
5625 7890
5655 2774
768 742
5451 1706
2563 1139
1089 4944
5169 3629
1646 7169
1000 4769
3223 253
6625 1539
3253 18
2547 5773
2842 872
4950 4414
6236 6313
2604 3402
3937 1709
5580 7971
2645 5779
2784 5836
6740 5066
1364 4364
142 8153
5678 8132
2135 3505
5305 6168
5697 5975
3012 1434
7490 4961
7378 5228
2454 1638
7650 1538
6341 6352
3130 5983
4575 5309
7771 7325
1093 3901
6596 7167
3005 7345
5826 1994
4804 5241
3335 4543
6550 100
6366 5009
3870 7510
2428 2483
6815 7513
1636 7122
457 1963
3325 2141
7046 7075
3351 8106
2147 3016
1837 6672
2560 5633
7820 3059
2224 5283
2202 2743
681 7285
1527 5652
1843 3650
3459 876
5588 4656
6820 4198
4490 6839
3568 7343
6848 5545
1980 5308
4829 4868
6689 3349
1584 1329
4322 852
3299 5052
2946 588
5150 3667
2073 4709
5826 6129
1581 5521
3618 3497
5423 7774
6720 5689
1142 7872
2281 359
2387 5256
7134 3
2367 5054
2745 5457
2967 7844
6301 2260
4852 7421
2699 6635
8081 1303
6181 6548
4709 5932
2308 767
1284 1816
2705 8146
1716 5044
451 3498
3662 446
3029 1862
1446 2032
6882 4978
6306 7736
888 4026
2201 2373
3550 3523
5721 657
3573 1857
7192 2201
5223 6851
7414 1475
2020 2648
410 5336
5981 7056
3222 6490
7700 2276
7927 5373
4058 2139
2293 1049
5227 3734
6278 4204
5915 5052
4382 8078
2387 2616
5724 7713
6096 3485
7638 2075
4459 3415
7506 5023
6895 4922
2158 1547
2564 2228
2570 6647
2847 6200
4665 7683
3927 5091
1127 5613
562 369
5831 2204
1707 6715
7990 5966
1496 6194
2720 1961
4932 4459
5886 6729
892 887
6757 6460
1154 5361
3482 2213
6674 671
682 17
4418 946
1614 2559
1264 6244
325 7197
3880 2185
4125 862
1120 4727
1165 7029
7310 3513
5794 7564
2325 4536
3407 6989
236 1424
6504 4606
729 3502
1595 6233
5343 2139
1447 6719
2925 3855
3192 6971
7421 7692
887 3749
352 7589
955 5916
2385 6294
7752 2216
5291 2993
5378 4408
7023 7363
7192 5720
3982 4888
4075 1852
2458 2951
4015 1184
2345 5828
6421 741
6524 274
7240 6102
248 5610
4138 2991
3113 1827
5997 2343
4662 5257
6430 2012
3163 2597
6859 3761
3006 764
6355 1981
4861 2047
190 3525
2873 3099
2856 7589
5776 6411
4241 2362
455 4906
8007 6132
8001 4850
1315 4828
2355 7726
2986 3476
2962 6807
5951 1748
3550 737
5916 1230
3624 6063
6138 1643
813 2915
3259 4217
278 7995
7656 6583
3483 3183
1191 7197
1534 6697
635 7877
2261 4333
4818 5057
6215 2351
7289 6378
2310 4809
4269 4761
2405 4400
2745 5765
7986 6993
6431 200
2477 7591
4206 6730
3977 6082
1311 7281
1911 2780
992 475
6811 7623
1450 4277
7205 3474
7093 6963
2315 7263
2700 2613
1490 7432
2613 5758
2278 72
5045 7787
8080 4265
3731 2558
21 538
1628 5218
6876 3834
7224 3414
3150 8112
6765 2597
3895 2382
1403 6648
5438 530
6206 6165
5799 4760
6413 4183
2981 3560
2385 3412
6782 3211
1105 5599
5435 3201
6963 4008
5186 193
7312 2095
7553 5558
3182 1205
5454 5982
41 6676
884 5840
4644 6770
3710 3460
742 1199
3292 7203
5577 3913
2420 6292
8047 3788
6580 7335
2807 1056
2203 4765
5490 2087
5473 1592
268 7430
969 5911
419 1736
4456 7738
6851 3824
3786 2010
1319 301
311 5628
6520 2755
6466 477
6562 2272
2705 3796
6003 8006
1871 401
1290 7782
6298 1045
892 415
2931 8188
1970 392
1363 5146
1505 6966
5644 7981
4889 5218
524 7200
5133 7562
1086 7087
3515 1360
204 3448
7488 506
2857 6292
4599 1209
5818 1646
3277 851
4889 4794
2724 4789
732 7341
6603 5808
5298 6836
4541 3581
727 7816
8159 3231
5172 3371
4507 5198
426 7801
6819 4834
7519 1614
1795 5923
7338 2890
5601 3148
2565 3858
3625 4760
998 2020
2686 3377
5978 5600
8184 1306
2612 1305
2449 1027
786 839
1429 8181
5453 2919
3645 2005
3517 2088
3126 5361
3064 4693
153 4535
7513 6009
4030 1424
4000 3554
5669 1868
7225 2274
6028 8033
4030 5847
1807 2947
25 6209
7677 5542
5421 6007
974 1154
3303 6245
8179 6116
4615 8137
3361 6077
4725 6408
7400 199
7681 391
2308 7639
504 3688
5061 6628
3567 7055
4055 183
3343 219
6852 3713
4051 5575
1206 6343
6720 4870
4031 142
2828 3395
8016 5229
55 2358
6668 4486
7529 1255
5656 4552
1366 6702
3184 2093
5091 8074
2089 3713
5009 7870
5226 448
1522 1295
1400 261
3747 3803
5152 4763
3975 1663
3482 7171
5323 4254
1838 4852
444 5866
5952 6253
1665 2484
1859 532
2729 6154
1739 3326
5139 5046
304 6677
692 5490
6729 7841
1664 3737
4129 2433
7876 4579
1542 4692
5842 3032
5011 4195
1646 7010
4353 1027
8090 2030
6375 6673
2639 4096
6501 6905
1960 981
4509 5504
456 5436
8153 7240
8080 4696
6159 2331
4740 2892
5408 5441
4559 474
6774 6923
1859 979
7329 1112
942 2374
8007 571
2113 505
4322 6012
554 4391
7136 4814
5419 4700
2542 1545
3562 860
7218 7611
4298 8093
5753 1984
2956 2129
4696 7540
4036 283
2359 3135
2568 7532
6486 5737
527 1734
5714 4162
3713 1960
7501 2962
2879 611
8040 1810
4325 7822
449 4189
2025 2367
4924 7428
395 4853
4718 3628
4267 1091
3656 671
5985 8133
809 3340
2202 2902
930 6044
440 5439
5644 1721
5581 852
4920 1106
5898 3616
7421 494
3595 8048
967 863
4642 4778
5415 5733
6475 6349
6500 7684
3614 4490
6018 1862
6486 3479
2674 1444
2025 3231
5967 3112
1619 4666
7584 3793
5058 930
1335 6967
47 3210
5337 7125
4043 7138
6382 4530
6821 1056
6237 590
7982 4586
4294 4449
3638 892
639 680
4769 5975
1865 5882
7387 4267
853 235
449 4745
2479 5862
7590 6861
3721 6489
893 3019
4441 3620
4959 7067
3350 648
1128 5398
90 8107
5560 6333
3858 7094
2699 4653
1281 3637
5301 7766
171 6306
4049 1159
2953 2587
4454 282
6895 4902
83 1713
6877 8055
5284 4418
4388 4257
7671 2361
5422 4074
2314 1691
4431 2136
8087 3520
7986 6901
1038 1587
5523 5027
5963 64
3533 7126
2533 4183
7268 6380
989 208
747 6778
2319 4632
1236 6132
4829 7499
3108 5182
6181 7751
6633 8048
2383 7889
5588 3297
112 6521
5527 6736
6287 5943
2005 7095
5979 7335
7170 4410
6659 2756
4232 6259
1054 3195
5184 2605
282 3726
7564 8091
1121 869
2410 193
2190 3423
4979 100
1088 7327
4624 7827
2250 2211
1925 2205
1198 809
1974 2428
2060 3798
7389 354
6480 2778
5807 6721
2108 2869
5199 4490
4556 6301
2099 3048
1142 5464
4925 1082
5544 5365
7630 3609
7537 2953
692 985
1381 8184
3002 2619
4332 1505
8044 1674
4205 340
7392 6032
5170 4196
3408 5779
5573 2170
6220 6569
3103 2909
3271 712
7050 3614
1527 1202
3310 2028
5923 814
1344 1423
1523 6590
876 5204
7653 4801
4508 5951
6184 7660
5635 5746
3603 1049
2135 959
2449 4868
1736 1855
7008 3271
5920 4510
4327 1658
93 6742
3310 1702
4881 921
4136 567
275 1571
5478 4013
5827 3761
1088 4277
158 7404
5059 2126
4202 1031
2348 5679
225 127
5348 458
1216 3502
4272 6910
6167 6272
2756 1051
5023 6289
5714 6720
7051 6242
6640 2231
7298 2000
1541 6320
530 7179
3005 5588
5142 4166
1758 5986
3570 5624
793 22
7243 820
5108 4672
6720 3533
426 1534
2750 1650
397 5053
3198 5348
377 6032
1047 30
3419 6722
3335 5793
507 8130
209 7540
2386 20
6236 7768
3625 8016
5787 7381
5557 2616
7008 5707
1424 279
2490 6392
795 7204
421 3801
3801 5546
8151 7646
2823 124
3432 6399
6928 6867
2802 5493
3755 8151
7478 4509
6358 605
3142 3208
2777 4758
2688 7594
5485 4550
7497 6890
2340 6609
3905 5958
3472 4202
7429 5069
1322 5897
2404 221
5812 6335
7639 2120
2704 6684
2712 7537
6556 7822
7567 3555
8082 2750
396 3566
5209 5646
8123 6751
6768 2486
1856 3712
5322 3270
5673 557
3781 417
7930 3928
3063 6183
3039 3018
98 250
576 5457
8141 7936
6454 6047
3500 2477
7685 5851
5212 1724
7401 3768
5883 2909
6189 6506
2558 4560
6592 7862
3791 7320
4589 4056
3572 6821
4897 2638
522 2713
7882 5470
3467 5316
3982 4918
2332 7208
1568 4854
4149 5152
4719 5205
231 6062
3151 5618
6152 3523
6112 2834
3400 936
795 7371
709 3528
3015 1990
2224 3433
2204 5119
188 3052
1771 1568
7168 4254
5041 8026
1798 3803
6129 7890
8090 5903
130 1980
270 4219
7040 7850
1807 6014
4088 8189
2540 2101
3416 4063
6189 4843
950 809
2289 6711
7771 5444
5163 6605
7533 3188
7149 3184
2062 7942
5523 3062
5176 5959
325 2638
4369 6440
1704 2639
1568 4511
4508 7149
7998 4777
1164 4617
4235 2965
7312 1042
1950 24
7608 710
3442 7468
3826 5421
7830 968
618 1330
3410 5473
2866 1528
4345 2653
4548 7290
2216 5569
724 1455
5927 4307
1651 1129
970 3570
957 5260
1006 4954
5629 1667
5564 5783
4448 4935
790 3772
1224 1503
8189 2791
7733 5729
2078 208
1325 3152
223 6978
7620 3097
7394 2712
5089 970
6305 3792
8134 7591
5674 6128
7505 236
2052 7841
1332 196
1716 5168
1854 6736
1895 2572
5607 6890
2398 7573
2966 2704
2268 5785
213 629
1189 6724
1039 3443
1858 2278
1618 3768
72 525
5819 1953
6404 7944
2790 3525
7449 7747
1681 7484
4124 2042
2736 1321
4336 8144
3606 5805
4153 1180
312 509
1117 7875
7591 2918
4154 4350
7025 6202
3974 641
6305 3082
2465 5016
3518 2865
5008 7792
2061 3007
5029 6482
948 3089
4502 6170
4568 3602
1933 3364
7729 2226
5433 3736
4152 7130
6621 6335
1988 7850
2487 3325
7720 2474
4097 1275
1609 7359
5335 3807
7208 1797
2093 1373
2055 2319
3580 1760
3070 2808
4238 76
4145 5456
2692 6597
4871 2851
4595 1049
1791 2508
3987 7569
7581 180
4657 344
5455 7502
4089 401
3762 5530
2034 2960
6699 6383
3311 7109
4390 5629
3093 1316
4933 1436
840 3786
1644 2307
5605 483
1538 1060
7886 6276
995 8101
3824 758
1324 5636
3856 6140
7407 6438
1477 6303
5610 1360
4903 7011
1584 7017
4558 6117
1128 5180
5681 5359
6982 6745
7607 3043
2421 6851
1050 2827
7749 6720
7704 351
8058 4497
3525 2651
193 7579
5734 784
154 1727
5698 5929
3188 1753
3789 5632
826 2116
6887 6776
6039 970
7193 7959
6339 2081
6452 3503
4442 3960
6638 4571
2832 7647
4217 4674
1224 3462
4303 6184
1263 1547
5489 6229
4761 5328
1952 3091
2184 1352
4790 5746
1347 7566
2229 6393
5109 4019
5751 7181
2657 965
4264 822
6270 2671
1660 3460
1625 2313
3861 588
1472 4499
1282 928
6214 6319
3342 5499
1791 1034
3219 5123
5384 1803
4182 7813
7041 8090
6638 4825
588 3299
6159 3450
1436 6333
112 218
7381 501
8013 196
2842 3664
3645 26
5194 2132
1842 3749
6757 5060
5527 5306
3416 6578
3982 3362
6367 3306
5628 3149
1829 4744
2272 2774
6860 3122
6868 7583
5376 5754
1494 5206
4518 4267
3229 6842
6190 4507
4143 6550
6913 5055
6596 1194
7884 7450
5974 1006
6306 5604
7488 6855
4806 4522
2176 4762
4957 4070
5466 723
3990 7884
211 8051
6023 6075
4072 7128
6525 5436
1856 310
740 6988
2036 7183
4075 5416
1517 1476
2057 987
5418 3278
3809 6952
6306 520
4917 7793
5346 5979
147 1248
2254 6549
5021 226
2254 4988
3741 7482
293 7562
5407 6452
7069 231
279 6231
4345 2223
6215 6822
935 3331
2837 1666
381 1718
1078 3820
7974 4436
2080 6012
6930 3541
1346 2478
4053 7290
4882 3831
6376 5047
4731 1873
7977 4931
1443 174
3052 7697
560 3808
7424 392
6913 8035
1175 407
648 7067
6656 3510
7260 5882
6379 5976
3393 2301
2817 2044
2093 738
4070 2049
2257 6452
6312 3466
6445 5020
2550 5043
1219 4950
4808 3648
308 2787
3672 3688
4709 6386
3082 4352
3867 2876
6414 6635
2623 1746
6744 3989
4857 6375
3917 177
7930 5120
6968 6312
2799 7536
6300 7125
3317 1663
1552 446
1268 1886
5663 7549
1993 3410
6493 452
5160 244
411 4564
5112 1338
5200 7782
2852 7175
2183 3241
3447 792
1603 770
2933 3732
7855 6002
2681 3879
241 6192
2109 5067
4285 2816
6956 5140
5776 6653
4063 7225
5861 754
5201 4147
6544 4099
7108 5909
5897 7236
5470 7587
3435 3143
5484 6418
7410 3918
4791 1903
1184 5016
3344 6219
637 3351
4986 5238
6676 968
4928 6021
5249 269
3045 1985
1284 8140
2063 4896
5544 3246
6195 5189
1093 4004
3752 2821
235 2667
7304 1005
1034 5186
120 590
1123 977
419 923
1353 3586
4654 550
4465 7134
2193 3776
6228 7836
1565 1157
1033 1559
6535 3859
5476 7618
6394 3392
5223 1147
1051 2528
4625 2662
5956 1319
465 5569
7850 6884
2859 5879
5192 5823
1038 4528
2467 2577
3131 6466
906 5548
5677 2211
3165 751
6320 5702
2221 4532
4082 7159
1053 5518
3123 2962
3292 2058
603 3208
7163 7518
2001 1367
1557 7788
4095 6643
1394 125
4479 2739
5264 3482
6832 2309
3137 5934
1582 4522
3611 887
3958 2624
5853 7279
1818 8080
2213 1438
2517 7442
1908 6813
7597 7873
2568 7416
1139 2215
6593 4524
1592 3313
2911 1327
7196 4408
7939 2117
6804 8028
3052 6686
5659 3690
6904 6097
1860 2818
2726 7251
1908 7160
1551 6343
196 5702
6616 7799
897 7199
144 7255
1612 5745
3579 345
4120 3525
2887 6403
2733 5417
262 5003
1382 2176
1143 4970
6804 7296
7620 4362
2140 637
7017 2593
7430 1447
1387 5858
4243 203
5684 3090
6591 4059
3225 2104
4937 404
6035 5670
7304 8171
745 1301
6986 2281
6846 5608
6720 7756
4571 6565
3724 2537
4587 1551
4620 1979
6689 601
5226 6703
4280 4766
449 7038
652 7476
4790 5217
1781 3545
3243 1389
8000 1510
3520 1896
2197 217
6773 4111
5264 3295
4781 1231
7736 4840
1377 4049
3172 550
2547 4233
5678 2960
6573 33
4682 6038
3907 5829
1941 1222
35 4361
4005 1598
2603 3608
3424 7933
2957 1018
3610 6146
665 5856
4656 2230
2476 133
4430 1218
1643 5636
1506 1598
3909 3808
2002 1001
2543 1261
6262 342
5075 8140
5977 2688
3144 5576
4884 1273
2944 7397
3256 7055
3413 3974
7336 3934
5106 5815
2849 6585
342 1261
4315 1992
1682 2941
7300 5619
7138 888
115 6624
7346 608
4579 94
6643 5469
3041 1951
4844 2934
821 3134
7756 4499
7910 5926
3927 3502
2169 4768
5100 2985
4303 1261
3407 7427
7499 3703
7147 7150
1506 7155
7475 687
8120 6252
364 1849
2942 5530
5445 4766
6703 1632
7277 2695
869 630
6655 1193
3121 3314
6121 4059
4979 6672
6989 3234
4473 2090
7570 1190
17 5702
4057 5166
5323 4880
3958 3899
5985 7861
1592 2163
4295 285
1726 1754
3158 6389
2692 2476
7283 3929
5601 6455
4569 3306
2650 2722
7767 6934
5072 250
7271 1113
3268 443
6891 7272
3491 1992
4041 8156
1452 7483
508 6599
5988 6890
7775 5829
4326 4007
5584 2183
2036 3964
5971 5918
1456 3591
2875 6069
4961 2086
3963 5004
6559 6685
2253 6690
2298 4395
7153 7695
5078 7249
1977 3116
7100 4757
2161 3250
4699 6284
2188 6049
4598 6881
5299 2604
6737 7177
4026 7680
2038 3118
1685 4793
1734 5749
1784 5648
4600 7562
4445 3554
536 1692
5250 5090
6121 445
6937 899
6689 8105
5652 5657
4156 7176
1992 642
2359 2198
1251 6329
1138 6757
6557 853
2871 7888
2091 2518
4858 5814
278 4040
3902 707
6176 2505
165 7613
7027 1543
7293 3991
5938 7102
4954 5328
4293 237
4095 5595
2865 3715
8031 5638
1624 8027
654 7152
3966 3603
6199 1121
6549 3413
6844 3164
1232 2490
5745 2879
1255 5101
7955 2699
7449 6129
6818 3302
1575 83
3865 5226
899 3745
5431 3550
859 2390
4240 2269
4533 3512
7234 37
2564 1368
7996 820
5968 2797
7135 2678
7549 2687
1057 5624
7666 4128
2937 7820
5416 6951
4141 1547
5495 5536
2158 1937
1415 5614
6381 6503
845 4188
159 2123
1801 5553
5266 2763
804 6232
4399 7164
6756 611
3366 5586
85 2211
4392 7197
2271 3740
7283 4118
3366 7058
2613 2584
6919 2460
4140 6429
5074 6782
5709 993
1010 209
199 4348
5713 8032
7466 5555
6128 372
2174 886
7710 6393
2658 4221
675 5177
875 7415
5268 1422
1943 3742
2746 3258
7940 2236
2648 5936
2483 7999
5303 2596
3217 774
6563 1726
804 491
7626 5384
409 6518
5220 33
3212 4822
3158 3704
3872 7700
600 4308
5085 521
3880 5937
4296 5179
2275 4955
7438 4854
3449 4415
3404 932
6753 4227
5183 696
6938 8155
2484 5899
4782 171
322 7135
7624 3084
4413 154
5948 4288
6844 6156
6260 2987
7072 7202
4225 5252
3019 6911
6578 1996
4301 1993
2458 4960
3522 8133
7395 3346
2339 5697
6945 3779
1219 2845
1469 4677
3531 5656
6238 3510
5665 7341
849 5160
406 67
5949 1170
2051 4865
150 8022
3274 7821
3021 7796
1145 5505
6339 5003
4780 3393
763 6727
3034 6234
1107 4537
7386 6356
1135 4667
2759 4273
3064 4022
3564 5948
499 4832
7885 3149
7166 7580
2364 6533
3798 7640
7080 420
774 7673
329 1857
593 4563
5158 6020
6796 3119
3634 7356
94 702
2775 6058
2912 5788
8014 5344
7681 624
2270 8060
2584 5122
7347 769
5094 5097
3600 6461
6195 5318
5808 5897
4277 4275
7433 2019
1444 3666
4947 7793
7182 4060
3714 4831
2377 6327
646 6485
5037 6234
6041 4732
1485 1633
151 4549
4747 415
6597 1445
6257 6723
339 4387
8033 7298
4149 311
5682 7545
1034 4196
820 7856
18 6330
7030 5911
2691 7175
6626 229
2085 7659
4857 1514
6859 4742
5783 4809
2730 1202
479 3051
2211 216
4204 5349
2446 5888
3263 5128
5468 7429
3814 7088
3327 3582
2024 5735
3158 6691
3712 901
6780 1866
5738 1305
3459 5344
5466 3444
2326 4486
1231 6852
1100 5703
6252 1754
1039 1007
1407 688
2753 5434
7780 513
645 2287
1254 1815
1962 3060
1504 2056
7235 2560
3851 5117
383 7851
6588 3169
1724 6418
4164 5685
3680 7523
5058 242
1526 723
5006 7056
6421 5148
6989 7867
3125 8092
668 5602
2251 1499
857 5174
2217 6908
6046 6965
1713 2027
868 7658
929 2498
4787 1805
3713 7929
3940 2351
4440 4849
2084 3995
3689 3839
5735 741
1942 1685
4240 7469
6865 7101
3527 7636
3151 5278
7351 2360
6599 5493
7702 1794
2796 4791
514 1649
3257 24
5673 2844
4914 1724
4037 3091
1712 6764
4811 5604
4882 1282
181 8189
3762 4597
1738 1494
7878 4707
7733 647
8102 3741
6527 4643
2703 6667
2112 4544
6006 1627
6287 5337
7441 1003
6281 7653
5480 1
3069 3194
3972 6723
7103 4454
3606 2453
2560 1134
4291 6486
7016 83
1625 2552
736 2919
6340 1642
4096 7800
1584 289
1642 1605
3841 5343
1378 1277
4632 1352
1994 7473
888 5551
2355 344
5470 7977
4183 2648
1491 3998
3664 5345
1834 941
7052 7748
3918 4619
7671 7155
7814 7257
42 6186
7139 3263
3327 7189
2563 4810
5025 7005
5494 6576
714 8054
107 2927
2590 7686
6806 6025
2893 6235
3709 7394
7127 1203
2728 6024
644 5915
7708 7160
898 1953
487 5316
2216 2374
2148 6810
7053 3788
6536 208
5253 4730
473 3150
5152 5080
1926 5445
2704 7102
4493 2543
6098 2345
1387 4686
1700 1636
2201 4286
2740 3174
2451 3289
5175 5986
6754 5660
4208 3304
5838 4562
1696 2783
7506 5974
271 7664
7307 1582
8158 2320
2835 5324
3097 7261
7683 7190
1187 3016
1788 5948
5462 7954
141 6441
6976 7036
3967 761
5328 3753
5179 7156
5930 2693
3517 599
2660 1967
2569 1839
8032 7451
7888 2835
8035 7042
2588 1247
7548 2913
6418 757
3363 5887
71 1781
1819 7447
4025 3601
4044 1331
4627 6542
685 5013
6500 7766
6319 7617
974 2093
7954 7469
649 6024
3782 5787
8149 5341
4633 3855
2364 7552
3736 2046
8075 5464
4206 6111
7955 3734
1339 3723
7635 3605
7770 2674
4663 7040
561 4694
3216 2619
3139 5184
3127 7985
4839 4141
5145 7844
6592 3482
6116 2605
3665 7472
4921 6010
967 6681
1643 4772
7237 3140
4975 302
3555 932
7021 5753
1194 292
1712 7257
4575 795
5492 1305
5237 3996
5093 5976
2332 6713
4548 642
5242 4044
4900 4185
5857 6900
3455 4687
4097 6651
5190 5776
356 77
2153 3447
4135 5087
4260 254
2372 6628
1800 3270
5 6401
5801 3567
2718 7517
706 5611
6408 7162
1923 2187
7912 4615
7093 7123
6292 2387
3236 7839
5064 2922
5652 638
6779 7383
7340 6562
2278 1424
7553 2003
3920 7423
4269 5706
7590 1453
7921 3451
5045 8049
1898 95
3570 7482
4478 5999
7517 3636
2778 7321
7511 5506
3549 5524
4763 3315
3358 7720
3593 3761
2234 5031
4238 5281
8038 4571
2080 3067
2040 6040
7847 5131
125 75
893 1255
2930 826
3518 3818
6139 7954
6283 1209
1748 4006
2828 4536
2319 2308
2350 7627
1676 7888
5678 7935
633 6368
259 4885
616 5422
7318 3225
4418 7859
6136 3921
2971 4624
871 6767
3453 4566
2662 5905
1895 4580
5837 5406
75 835
5567 4793
6257 279
3988 2548
8053 2543
5111 3977
2401 8138
246 6314
1942 7526
4052 4544
3955 5875
129 4698
1873 522
5170 4672
6039 5707
1727 1740
7274 3574
5549 5006
2004 3947
6647 3404
7362 2232
4890 2211
6422 2526
344 2452
7532 755
1000 3971
7389 1434
3283 3287
4594 7665
6737 7906
1166 3039
7673 4845
6450 2486
1645 6186
3429 1413
5471 7001
1539 4803
3373 2108
7343 4659
3089 7025
550 1093
7683 7372
5727 4830
604 1470
1489 1502
1200 2476
7128 5161
1146 1440
3850 6473
6265 1440
1992 2303
3351 290
7591 1947
835 7099
2532 2738
5173 1030
1054 4878
713 7153
6713 6689
4713 4150
3298 4491
7919 7895
2418 4661
1434 4685
1218 6405
1423 3476
4573 5087
4205 8118
7025 5075
725 3906
5466 1075
4321 5319
3877 2375
5505 1577
3641 499
6274 3939
7884 4111
3641 7023
3242 2711
5851 608
4927 4590
6158 6844
3007 7155
1587 636
4195 7297
1146 906
940 1670
5605 3220
3984 3818
3247 6659
2414 2728
4664 7826
4014 6386
4505 1759
6174 7863
1414 616
3951 4487
3989 5524
1789 5259
4162 713
541 3822
1027 3396
1291 5096
670 7380
1904 5339
500 397
6240 3097
7727 363
946 6648
5777 5349
959 4484
7159 1604
848 1167
6044 1500
2619 4691
3905 6693
6660 4278
4467 4194
5647 5748
2013 467
6928 7005
5499 4948
2068 2506
4611 5827
3631 6628
2499 7150
5057 6404
2019 93
8099 6893
3463 3169
2111 7831
8023 273
2106 5055
6787 7554
6716 830
5121 2455
4754 1879
6473 1947
7071 3285
5068 690
2424 7194
2106 3246
6715 6531
7115 7538
6355 2799
7364 6386
2377 7268
6365 2386
