C:\Users\detch\Anaconda3\envs\tensorflow\python.exe "D:/GoogleDrive/??-Grad/Data Structure & Algorithms/Homework/HW4/4.4/4.4b.py"
START= 0
END=1     END=2     END=3     END=4     END=5     END=6     END=7     
NoAccess  0.26      NoAccess  0.38      NoAccess  NoAccess  NoAccess  
1.05      0.26      0.99      0.38      0.73      1.51      0.60      
0.74      0.26      0.99      0.07      0.42      1.51      0.44      
0.43      0.26      0.83      -0.24     0.11      1.35      0.13      
0.12      0.26      0.52      -0.55     -0.20     1.04      -0.18     
-0.19     0.26      0.21      -0.86     -0.51     0.73      -0.49     
-0.50     0.26      -0.10     -1.17     -0.82     0.42      -0.80     
-0.50     0.26      -0.10     -1.17     -0.82     0.42      -0.80     
START= 1
END=0     END=2     END=3     END=4     END=5     END=6     END=7     
NoAccess  1.21      0.29      NoAccess  NoAccess  0.81      NoAccess  
1.39      1.21      0.29      1.74      1.83      0.81      1.55      
1.39      1.21      0.29      1.17      1.52      0.81      1.54      
1.39      1.21      0.29      0.86      1.21      0.81      1.23      
1.39      1.21      0.29      0.55      0.90      0.81      0.92      
1.39      1.21      0.29      0.24      0.59      0.81      0.61      
1.39      1.21      0.29      -0.07     0.28      0.81      0.30      
1.39      1.21      0.29      -0.07     0.28      0.81      0.30      
START= 2
END=0     END=1     END=3     END=4     END=5     END=6     END=7     
NoAccess  0.94      0.73      NoAccess  0.62      1.25      0.34      
1.83      0.63      0.73      -0.04     0.31      1.25      0.33      
1.83      0.32      0.72      -0.35     0.00      1.24      0.02      
1.82      0.01      0.41      -0.66     -0.31     0.93      -0.29     
1.51      -0.30     0.10      -0.97     -0.62     0.62      -0.60     
1.20      -0.61     -0.21     -1.28     -0.93     0.31      -0.91     
0.89      -0.92     -0.52     -1.59     -1.24     -0.00     -1.22     
0.89      -0.92     -0.52     -1.59     -1.24     -0.00     -1.22     
START= 3
END=0     END=1     END=2     END=4     END=5     END=6     END=7     
NoAccess  NoAccess  0.92      NoAccess  NoAccess  0.52      NoAccess  
1.10      1.86      0.92      1.45      1.54      0.52      1.26      
1.10      1.55      0.92      0.88      1.23      0.52      1.25      
1.10      1.24      0.92      0.57      0.92      0.52      0.94      
1.10      0.93      0.92      0.26      0.61      0.52      0.63      
1.10      0.62      0.92      -0.05     0.30      0.52      0.32      
1.10      0.31      0.92      -0.36     -0.01     0.52      0.01      
1.10      0.31      0.92      -0.36     -0.01     0.52      0.01      
START= 4
END=0     END=1     END=2     END=3     END=5     END=6     END=7     
NoAccess  0.67      NoAccess  NoAccess  0.35      NoAccess  0.37      
NoAccess  0.36      1.68      0.76      0.04      1.28      0.06      
1.86      0.05      1.37      0.45      -0.27     0.97      -0.25     
1.55      -0.26     1.06      0.14      -0.58     0.66      -0.56     
1.24      -0.57     0.75      -0.17     -0.89     0.35      -0.87     
0.93      -0.88     0.44      -0.48     -1.20     0.04      -1.18     
0.62      -1.19     0.13      -0.79     -1.51     -0.27     -1.49     
0.62      -1.19     0.13      -0.79     -1.51     -0.27     -1.49     
START= 5
END=0     END=1     END=2     END=3     END=4     END=6     END=7     
NoAccess  0.01      NoAccess  NoAccess  -0.66     NoAccess  -0.29     
NoAccess  -0.30     1.02      0.10      -0.97     0.62      -0.60     
1.20      -0.61     0.71      -0.21     -1.28     0.31      -0.91     
0.89      -0.92     0.40      -0.52     -1.59     -0.00     -1.22     
0.58      -1.23     0.09      -0.83     -1.90     -0.31     -1.53     
0.27      -1.54     -0.22     -1.14     -2.21     -0.62     -1.84     
-0.04     -1.85     -0.53     -1.45     -2.52     -0.93     -2.15     
-0.04     -1.85     -0.53     -1.45     -2.52     -0.93     -2.15     
START= 6
END=0     END=1     END=2     END=3     END=4     END=5     END=7     
0.58      1.60      0.40      NoAccess  0.93      1.28      1.30      
0.58      1.29      0.40      1.13      0.62      0.97      0.74      
0.58      0.98      0.40      1.13      0.31      0.66      0.68      
0.58      0.67      0.40      1.07      -0.00     0.35      0.37      
0.58      0.36      0.40      0.76      -0.31     0.04      0.06      
0.58      0.05      0.40      0.45      -0.62     -0.27     -0.25     
0.58      -0.26     0.40      0.14      -0.93     -0.58     -0.56     
0.58      -0.26     0.40      0.14      -0.93     -0.58     -0.56     
START= 7
END=0     END=1     END=2     END=3     END=4     END=5     END=6     
NoAccess  0.60      1.31      0.39      NoAccess  0.28      0.91      
1.49      0.29      1.31      0.39      -0.38     -0.03     0.91      
1.49      -0.02     1.30      0.38      -0.69     -0.34     0.90      
1.48      -0.33     0.99      0.07      -1.00     -0.65     0.59      
1.17      -0.64     0.68      -0.24     -1.31     -0.96     0.28      
0.86      -0.95     0.37      -0.55     -1.62     -1.27     -0.03     
0.55      -1.26     0.06      -0.86     -1.93     -1.58     -0.34     
0.55      -1.26     0.06      -0.86     -1.93     -1.58     -0.34     

Process finished with exit code 0
