2007 4779
7806 5696
2079 6712
2002 4443
3435 3330
587 2562
5684 1563
851 4814
6547 4527
6924 3636
2091 227
1963 6434
3596 2058
6293 4285
2425 4841
5690 1006
1927 1070
1104 3176
1079 6724
7295 4628
3331 4653
6948 7347
1939 5369
1569 2726
6589 7145
5767 4324
277 5235
6783 6239
3648 4600
1135 7475
4709 1154
4061 4795
1155 7403
801 5929
5605 1657
7448 3539
130 7863
7228 1470
6720 446
7250 5332
6923 4225
2973 6882
8092 6043
781 7947
492 557
1555 5476
4460 7491
7002 6699
830 2536
2718 6656
239 7655
7809 5871
5919 6263
8116 976
4250 4137
3598 6227
8111 1122
2528 4793
2331 5123
2870 5863
6104 167
1331 2657
6130 968
5778 5373
4564 3359
1371 7355
7942 5251
443 5792
3890 3183
4745 7150
4475 7687
882 353
7616 5872
5532 6966
5536 6690
5332 7495
5323 7374
2562 5939
1677 4853
5045 3561
7589 5253
2338 426
995 3644
7488 2103
3134 7369
3970 554
7111 4828
7447 2692
3717 7950
5224 479
4921 7221
6385 2651
6066 5667
7931 4608
1707 4313
489 7538
2994 7138
5449 8048
3780 6697
6237 446
891 7347
4502 1905
6629 4837
2438 1789
5871 6805
5182 5446
2692 5737
6100 7912
1422 2791
2979 3015
6989 4381
2974 3810
391 4892
3878 8127
1744 214
5723 3536
3644 4354
4487 3596
4992 3309
2561 7695
2819 967
4729 7030
5299 2271
5615 7536
6529 61
839 1611
46 1705
5410 2036
5181 1477
2246 3968
4094 8187
2378 6696
5728 776
7233 5195
659 4709
5962 6347
812 7171
250 3745
3368 176
4131 488
2815 1765
4656 3257
1155 6812
392 883
6316 732
1595 3270
5962 1962
2904 1829
5603 6415
2984 6622
7042 6432
2667 6375
5259 1058
5543 4936
6424 2232
7595 3669
4875 4006
5700 5592
5127 5803
7022 1719
759 2224
8073 7642
6399 4521
889 5230
163 7397
624 5389
1362 2016
7214 7377
3902 7781
785 5838
771 1053
7787 4846
2450 8051
2124 6200
6843 1942
1499 6574
7006 5736
5273 6486
336 1392
3304 3106
5708 7751
2894 2594
4351 4893
739 6626
8087 3669
3113 7481
918 4075
6765 5871
6638 8093
5575 2974
4545 3394
1273 6476
7385 3552
233 8146
5317 2829
1282 3267
3936 1539
1232 2025
3646 5703
4243 3783
1056 2147
2286 5353
39 7261
5045 4288
3317 500
6928 6407
408 2547
5112 3030
1101 2141
2134 4716
5822 5918
3577 5276
2990 7622
8156 5155
8166 3988
3958 7221
2100 8007
1431 1658
1617 7919
1529 2722
5300 7641
5294 7322
1271 3653
283 6193
8172 2495
6170 2231
7608 6162
2183 7968
4737 2249
1879 7517
1219 5550
3100 568
7936 5010
7737 8083
3429 928
8121 134
7795 7300
7085 7829
2987 4403
6628 2572
4805 6010
2555 2123
7811 3573
3593 3060
7370 6318
91 4228
3865 2504
6967 328
2116 5722
4222 449
2459 7058
946 7626
7770 3663
6638 1364
4882 6636
7589 5749
6766 7348
664 262
1889 7956
5333 4308
7336 5694
7246 6585
1106 6055
7797 1420
559 4733
2740 5838
3445 5914
1320 6850
4554 446
2701 4401
4372 5657
3041 4055
962 3235
3051 1641
5544 3785
2797 4556
2731 42
7464 7058
4292 3396
2607 962
3413 3713
3948 858
4171 7741
6558 1907
2056 4984
4439 3305
1844 6295
1938 5
7757 1032
3066 847
3671 3470
7137 3266
5797 5595
6997 3803
5585 2763
6296 269
5397 4365
5892 7445
4957 5552
545 8004
3086 1868
7584 691
3497 7742
3021 3084
5609 3198
773 5557
1460 1809
1338 4600
2024 418
121 2892
6163 3180
7716 6164
7378 41
6475 4582
6318 3046
2077 4394
4496 2816
150 4441
168 6883
2809 3055
5475 4893
3177 3669
7582 5355
3180 2721
1438 4933
658 894
5748 7300
2946 3839
2770 7295
2889 2609
4325 3639
4927 1345
6779 7485
7496 5473
6714 2886
1941 4065
1666 3228
1129 6878
1256 5167
6452 908
7729 1856
6978 5588
6843 6576
3795 6862
5668 1952
2592 2589
6874 1543
2405 1469
3466 3281
3501 5057
3132 3693
7718 1129
6110 4017
664 6371
6749 1637
2785 1870
3854 88
1667 5501
7679 2838
6385 4593
1020 795
8130 2938
6630 3526
7531 4787
1257 263
2270 4311
3240 5985
1597 6352
7598 7728
2919 6993
1147 2869
3300 241
2416 3386
6238 730
6363 3277
4693 990
7481 7907
5869 6038
3913 5234
7121 4067
1031 287
4234 4366
3584 7026
4440 3708
1453 4246
4002 1955
1426 127
3751 3211
4570 6702
6728 8134
4963 5896
4666 2091
5170 4807
616 5001
1349 2544
2437 4214
568 705
6019 1628
4142 3184
5737 5282
1089 1645
6869 1753
7525 5498
2034 8050
4253 6353
2347 1563
3612 203
331 6399
3315 4847
5357 6091
4904 1814
6910 485
2174 4951
2086 5610
2899 7859
4712 4742
449 3974
34 4175
5041 7329
7285 2818
5613 3845
7316 4606
6094 5947
4136 7858
1399 6526
2748 2996
1581 5477
1976 4558
5545 5224
7501 6544
2260 6784
5792 3648
2791 2566
1356 782
4763 1679
3200 5157
3908 3175
6344 3103
710 4764
4860 341
2108 2861
6030 1966
7325 5513
1860 3587
5226 651
7221 152
5582 3671
7218 7313
7930 1248
3432 1361
2643 2971
2171 1793
1206 3505
1100 785
4685 5088
5682 2627
5445 5003
7148 2298
7263 5087
2107 4166
1881 4501
5504 2990
7055 6001
4187 3100
1386 714
960 6108
3860 7135
4710 2476
4223 7106
2057 6526
1073 4400
7168 5292
3893 1639
2802 1876
6546 3483
5984 4990
5628 541
681 1462
5048 3866
4587 6681
6012 4261
2729 5253
7389 5255
2385 6628
855 1754
787 1874
2662 3293
1960 2897
6886 6271
3811 1494
3105 3186
7053 4562
2637 6216
4412 6524
5316 7053
2168 4199
825 3946
5052 1838
1180 681
6000 5392
2931 6642
731 1986
4942 1890
6551 7322
2150 5157
1299 7750
5909 3563
4414 3737
7311 217
2002 6160
6755 3078
6717 5805
6621 7285
2750 3896
4822 6410
3612 2504
4157 8038
3697 7836
7280 4686
4445 1821
6667 5164
6592 440
6769 6452
3599 4968
1784 4225
7512 3453
4684 4584
7123 5692
7328 5600
4623 4503
1775 4762
5425 7794
4120 1910
7034 5190
6575 4500
2290 3077
6841 3225
4068 4540
2959 1034
6819 722
4549 695
560 4055
5302 5442
4912 7485
4252 5460
2769 5132
3654 6243
2236 407
237 7395
6183 5425
3175 3045
2842 7285
5619 4841
4814 8087
839 981
2244 8120
3901 1304
7677 1475
1720 6567
2394 3287
1737 3953
5579 4239
5216 6959
7177 4745
4052 4924
5479 613
7707 4657
5246 968
4286 4153
4544 698
5239 6277
7233 1673
833 7369
6636 626
6909 7692
4346 2307
679 3929
2742 5136
7311 8076
6518 5710
5293 824
6504 3329
5272 1380
5608 8058
360 3813
270 7046
2238 967
2315 6197
2834 103
3980 7724
5893 645
2735 3875
1269 716
6507 6837
4441 4547
1498 1665
6770 6378
7646 2834
2923 4904
631 6886
5430 5268
2498 4228
3363 1350
1198 5384
3106 7466
5787 6902
4819 2927
6899 7415
6287 3479
1416 6472
2260 3343
6265 5713
1508 424
5969 6663
575 1813
1488 5728
5653 4253
4422 6536
196 5540
7585 787
2805 7475
363 5315
6698 3864
1684 4857
1033 2078
6201 56
5148 3879
7518 5331
2708 6559
7562 1194
2621 3019
2907 6740
4459 726
6010 1887
2776 3765
324 4365
7255 5199
1293 6952
7244 3689
4202 5630
4042 6305
6543 2789
2273 6422
6929 7750
1265 5632
4030 2703
6399 5355
7573 5663
7 2288
2975 6649
1612 822
7013 3636
4012 6780
410 4751
2796 2479
6998 4435
647 4901
4481 2356
7022 5959
6230 3529
467 6769
2522 6850
1666 7130
5951 2943
7176 313
6578 4157
2059 3755
7581 8112
5859 2113
6463 7611
3748 1938
3114 6682
4729 828
4102 5796
7921 5220
3902 2098
3084 2842
4454 8070
2577 1817
709 1269
2083 573
750 2561
5907 4658
5550 8176
6645 4098
6015 6231
3389 7162
5665 7133
7145 552
2442 6856
2356 3895
1211 3387
386 4153
7432 5694
4125 5047
4745 672
7772 661
3223 4920
7983 7716
7863 1847
3927 2915
3449 6346
6603 5684
3570 435
7913 7425
665 1893
5944 3951
2827 6274
1209 3530
822 2680
1746 3708
4828 4631
5220 6679
4608 3221
1981 6857
6589 2577
4619 2724
787 2795
5184 3148
6096 7704
6575 2910
2222 2632
6425 7542
5663 7314
3876 507
6428 2889
2865 3320
1556 6577
487 6964
3011 6673
2453 7125
6001 5111
7421 7015
7224 6171
5896 1072
4552 5019
3665 2174
7869 4485
2196 998
7957 3182
4882 4030
3191 5718
2000 6948
353 3589
4546 3022
2091 1138
374 2732
4600 7337
6014 7349
3221 3950
1787 434
7887 2279
7172 2587
5988 6540
5473 2870
1000 6093
5093 7638
1929 7477
64 2684
6518 4475
550 7836
1868 4699
1986 5365
5865 1891
3915 5701
7609 5234
5388 3313
1457 1750
4460 5665
7563 4602
667 5670
6721 4667
5253 2415
5679 1690
4146 1149
4249 1099
3682 3443
6928 7407
544 7995
3228 695
2684 7136
7645 7450
2153 4354
1877 5363
1552 2566
3883 4019
938 8082
5526 7687
3715 4712
1381 3261
4929 5998
3059 6882
1893 242
4835 4004
3485 6792
2710 3765
1505 4664
3073 747
8137 1651
2143 2567
7083 2200
1722 1174
1419 5436
2658 7151
3919 622
7857 1161
6130 6133
4457 1876
1087 6716
1910 4428
3443 3680
2669 908
1023 330
5763 7732
6374 6409
4850 3129
7052 6327
7266 7926
3942 4297
2581 1749
5975 2654
258 2392
4556 366
2678 8094
6466 5520
1790 2424
470 4622
3097 4446
7230 37
4615 4018
5305 7515
7288 2442
2887 6408
1601 6586
3241 6942
7456 288
3059 7204
3031 5221
5552 7632
7237 7003
2894 986
3799 8057
6313 7945
8 6222
6935 7176
8132 705
4930 3484
1694 5315
3940 1981
2261 7265
5303 1545
5906 3041
1805 3727
4654 7864
2316 7597
5350 2947
3745 6171
4239 7553
535 3030
6317 4378
5325 4311
2920 5498
3213 395
6910 6845
5367 1062
5083 5825
6976 4052
3046 1589
4686 2090
3988 3117
5055 6274
5173 4902
6024 151
8163 3860
6639 862
7665 4746
7166 6540
8046 7931
7430 7260
1369 917
5492 2627
7784 5920
522 7033
7899 2279
5182 5642
4601 3245
2398 2928
991 6400
3481 6361
4476 5875
244 2957
5830 2669
7078 7482
4571 3487
3044 6443
3303 7110
5120 382
505 4096
5950 1153
1352 6282
7365 8133
912 4206
2159 2945
1027 6314
2 3383
7648 7378
5293 1466
318 6421
5668 2675
2967 2231
7705 6326
6746 137
4895 163
3695 7065
4363 3263
672 1982
3794 5859
3936 6583
6791 4423
2296 7038
2613 4629
5000 663
813 6204
3464 3744
2613 4120
7459 5712
1709 859
2590 8062
760 3831
5044 1837
399 1054
3474 4726
2001 4895
6395 6225
5736 2086
2958 2355
1793 5118
442 6730
2186 4346
7230 588
740 6065
1122 67
7701 1704
6116 6460
2062 834
70 2911
8143 1012
4348 5815
6463 4872
4411 720
1752 6397
5755 370
6532 3209
2240 2814
1325 906
118 5421
4349 2241
7246 5634
5205 7562
309 7709
1050 3583
1828 6046
3159 2237
2521 5544
69 4494
7834 2350
7302 7107
6269 6882
2913 2232
7377 3406
3987 8076
4816 176
5525 7745
6066 2158
2296 1269
8159 485
7760 5507
8179 842
6938 2091
4992 7208
3721 5684
4782 864
5897 3691
7800 2992
1667 2145
6629 5317
4125 2702
2176 4823
5382 1551
7116 57
1130 4824
3910 6611
2684 1329
4139 3108
7120 7246
1935 6943
7449 7506
159 4416
5838 1122
2785 4771
768 6471
2925 7382
3877 4220
3828 5082
7874 3430
437 856
3737 5120
2868 5529
3486 4894
3080 1160
6602 7015
6738 6358
7067 5096
5946 5244
1730 4619
344 686
4360 3688
2218 1442
2997 6552
3232 2203
7891 290
1450 4456
3761 7455
5866 4254
