3407 805
7374 7453
5013 2479
5623 747
3513 1520
2577 3667
4049 7327
3589 137
4075 1822
2070 3348
286 5792
8110 7411
820 2731
3067 1321
6389 7406
4391 6681
2905 238
7820 1728
6658 2037
2747 5515
3217 630
4240 6929
6938 4887
5889 2606
7749 5768
5976 5005
7895 7169
1057 6614
4346 7217
7438 2264
5339 4617
2235 4403
7733 3966
832 3598
6239 5775
2622 7201
3004 5611
7075 8010
7418 679
4328 2388
4806 4025
1687 3517
198 4904
7916 7792
2647 6366
7456 4115
6513 24
2993 2196
1570 6120
4182 5834
767 647
2722 1465
7729 4132
2843 3378
6457 2270
2818 648
2742 5738
4167 330
8146 7231
6184 2476
3276 1969
1379 816
6437 2302
3698 1332
169 3790
6699 4282
1329 3762
5194 7634
3956 4176
6022 6736
1724 4948
5838 5889
868 1363
1560 6763
3009 6306
1258 7477
5155 2404
2409 1032
4915 3874
7137 7574
6409 487
3271 8053
6934 6503
6906 2256
1806 3708
931 3518
673 2523
8087 7581
4248 759
3600 305
5621 7177
5411 3512
4699 3517
4215 2714
856 1146
7 6522
5025 6632
6558 7214
130 1857
5275 5090
6338 6430
7037 5996
543 7083
350 5882
4974 8172
7958 2692
6471 5726
3253 3054
1990 964
1172 3989
1485 7862
2867 3188
2564 1382
3970 7949
6374 5591
7730 3439
4440 2874
4720 5620
6683 6870
6304 851
4864 2161
6313 4178
5142 5187
4720 6178
6908 5428
5115 1663
6164 3977
4964 2556
