2271 2949
8101 5929
3209 6991
3560 1884
180 5715
4789 2126
3751 669
3047 7015
6694 5109
4936 6507
2950 6871
6018 4679
7952 7395
2088 3659
5096 4935
6689 1316
2133 82
3116 705
685 6548
990 2208
206 3447
5944 6050
1426 5156
7568 5807
2540 5764
3826 203
4306 7149
1980 5431
1412 1376
1989 2690
7767 2288
7713 86
4118 5383
5458 1989
515 1136
411 3367
3137 6422
7828 4703
1592 1447
2504 5966
6717 8149
5017 3935
2117 2902
3553 6832
6172 1673
5068 7919
7403 568
7875 4639
2486 7347
3406 4417
6186 3591
4798 2709
2680 195
7960 5357
1141 3259
1586 4670
5354 1862
4620 4612
1500 3650
6483 6020
6698 1876
2505 5710
6122 6588
2917 4707
7677 2206
2975 7173
6222 817
2150 7328
7358 5193
2926 378
2904 7806
6307 4337
5851 5025
2578 3186
5513 970
6746 5576
4580 6461
3251 2203
4656 1403
5156 3250
5391 1158
6462 2772
4680 7106
3099 1832
7951 5776
6725 5724
456 2713
7668 82
5811 8057
5211 2751
4757 6355
580 541
6581 1647
3354 1657
6976 1492
4003 6925
2895 1660
1627 5698
5997 1864
7441 7770
995 1184
1464 5642
1934 6781
3395 1560
6586 5576
1805 3080
4204 5316
291 3010
900 5095
3942 2541
322 1799
5984 6854
7306 2243
276 3534
2497 7672
2614 1080
3212 2607
7149 5130
4618 2273
2361 2167
7209 6802
5314 5056
84 7058
4988 704
2286 5408
6274 7120
4454 4319
2735 6665
1726 387
5581 3686
8074 6620
3547 391
786 293
331 5262
4933 2545
5414 4098
5807 6111
513 488
6155 2194
5837 2399
487 4112
3423 7508
4580 6191
5627 4516
297 4461
6465 2240
785 6861
2400 6442
5024 4875
3693 5154
6224 5077
6993 4862
2801 5463
4667 1335
7212 3124
900 4857
6792 7486
6360 3071
7618 5480
626 3802
5883 5159
575 3779
3489 4817
4771 44
4501 2101
5411 2042
2343 4838
2382 5716
6781 6454
1656 3733
5678 6078
1941 7909
7252 4341
75 4907
4041 8131
5159 1545
1553 2144
2300 7599
3768 356
2996 7743
3114 2928
6818 4072
2656 3587
2206 4369
7873 6220
7027 4344
5746 937
3860 2638
3018 3548
725 2091
1378 3087
1457 3195
3916 7588
6452 4618
6335 7928
97 6628
3272 4054
1889 5012
6859 5654
4287 5361
6325 3281
7054 6419
236 2934
2264 7459
1460 2406
3350 3920
3482 6456
2244 3515
5870 3968
845 6922
7337 5999
5751 5331
4354 3769
4896 5712
6786 542
2142 4185
4154 2914
988 8054
76 6213
3405 255
6888 5391
6287 5241
5180 6158
7792 7328
4065 5303
7966 2931
4085 1184
1944 2493
4560 5434
3358 773
2181 7323
5363 7939
6106 2296
766 7023
2631 4837
6870 3060
8131 7623
6282 1838
3965 5460
7051 3504
4807 1995
5442 497
7809 7292
2585 6841
5711 3562
23 1872
2485 4806
2157 7191
5137 5597
7332 5572
2726 653
5322 869
583 3956
1875 4372
5765 4714
3522 6576
5385 2025
7683 3837
3100 219
6215 3857
1210 784
926 4920
2863 4918
4588 5812
4492 63
533 269
6746 838
2154 5618
5577 7514
6915 5559
2207 6861
3588 7630
2808 478
3722 5868
590 650
27 4550
5241 4663
6934 3095
1222 606
7328 3713
3090 5409
5111 724
3737 2071
1818 6621
3641 1783
2433 1586
729 7731
436 2775
5990 6184
7695 1977
5420 6664
6802 1818
235 7820
5925 2337
299 7283
5452 5754
4338 4360
2682 6670
6139 2701
5174 3230
865 3240
2702 6452
6401 6911
5834 7949
6078 5225
5227 5067
7423 6126
5425 123
1195 5231
5372 97
1118 2440
7886 6870
4385 5696
6430 7171
7756 3842
6574 7294
6928 8100
7392 2844
7155 4403
2556 5212
7672 4107
2253 1027
6316 630
1971 4466
4409 3994
3673 3322
5086 1507
2587 4997
5261 6367
7209 823
2243 4741
1773 544
1100 5395
5189 7449
3976 4153
473 4240
4197 3844
21 265
3792 1292
4719 6954
967 7374
7326 2305
3689 2898
1688 3817
3601 4177
728 3646
5676 4991
4389 3182
6846 5559
7903 505
3307 1071
1244 7710
1058 859
7002 5421
1134 5234
7457 2698
6155 5185
6045 2245
2756 6955
2467 7940
1951 4763
4775 1918
3999 3209
6748 4776
284 688
2142 1682
6470 2374
773 7620
4515 5600
4730 3892
6951 4275
1946 2462
6372 695
5761 7886
1069 3263
6069 5448
2919 4374
4076 4175
7069 3734
4952 2858
382 4610
7890 2287
3516 4290
5661 5282
3802 1271
5555 5982
978 2692
4238 2909
577 6816
3853 1988
2254 1390
7155 4283
2545 6958
5185 2102
6009 1886
6172 6330
5360 2845
2383 4834
6512 2955
2274 2310
3172 1780
3092 4228
4009 3465
767 1703
2448 2844
7684 4683
6530 6456
6033 2805
4780 5180
2047 6569
6374 4585
319 6988
4615 1453
6136 2968
6527 6184
4855 3303
7114 7412
3645 5269
4009 7989
2864 536
2030 1000
6125 838
5773 5525
7143 945
7806 7790
7812 3338
1255 4284
2504 4572
7785 3552
3774 5020
1917 3326
759 2255
1428 2873
3185 3295
8080 896
4775 4309
135 7348
1156 5194
7222 6079
5501 6449
7619 6221
312 5766
446 3275
2225 6726
742 1277
4380 1469
2003 715
1574 592
7428 1341
7345 3943
3734 7191
3920 7589
3963 2085
6945 6931
2942 7958
7335 791
2342 5909
5911 1979
5112 5572
4563 6028
5681 3004
6163 3943
6849 6564
902 4424
6099 7131
7792 6843
6312 4851
6890 3621
2117 2317
3626 6809
7887 2264
71 2439
7985 6317
5333 3587
7902 5404
7671 6620
1661 3599
7255 4600
2136 456
6707 6378
2696 2802
2500 6041
1441 5718
1009 2771
3946 8136
4323 6806
7503 3220
2012 4643
5654 5636
4725 1840
5640 7342
4145 7925
6857 1487
380 7801
5173 4222
6621 3899
2181 674
2656 7383
6076 4606
4345 7600
490 5006
4593 1723
6782 1863
5989 3890
6635 7853
79 7415
7672 3250
2351 6765
749 3517
997 883
6704 5539
2676 2288
1998 150
945 5378
688 55
930 6615
8044 6643
6418 1566
2269 2503
1380 1548
28 3303
5296 1748
5883 4807
5507 2248
2266 2654
4862 191
5139 6448
2451 6059
2293 5976
3951 7987
4511 7669
868 5072
1781 7928
6047 5462
488 8059
4120 7782
5007 20
2337 1536
6510 1349
6468 619
5539 6049
79 3770
5383 3332
6364 2512
7361 2841
4764 3225
3468 3644
6581 6865
35 2321
4850 6714
5851 796
2979 7875
76 3670
1850 6248
4901 4104
2682 944
1249 948
209 4460
4348 6066
6192 778
5598 3455
1018 3831
7025 2067
4383 5444
5102 6047
5585 4155
5169 1173
847 4208
3841 5943
997 3350
7819 3044
3236 965
7191 7507
4799 3510
7769 1750
4120 5128
5964 4299
111 439
2819 6680
1963 404
2142 1643
1603 1447
1373 2553
4812 3869
5239 6376
7036 3803
7940 5031
5708 964
3941 1412
338 4650
8181 5780
8164 2245
4255 1294
1033 2547
85 2651
3438 2895
6218 8116
5059 3401
4124 1655
2350 3849
3091 7251
1048 2724
7695 6764
4292 4927
1574 1280
280 4741
4855 6363
3509 2020
2821 3864
6385 596
6893 4601
4798 3865
5542 6946
4936 3312
3514 5713
5458 2936
4868 5836
4646 575
3226 3379
357 6539
59 7660
2528 3839
330 7515
626 146
7182 8168
3788 2194
87 4601
2595 2464
7590 6100
6031 6791
1697 6349
6805 2623
6135 5986
3709 3670
228 4822
4723 1009
4793 5251
4506 2189
362 1948
3596 3868
3700 6194
6164 5550
4310 2993
1210 2075
5031 278
3710 8000
5404 496
1475 3740
7219 6712
4352 6040
352 7282
4571 6942
7396 3208
2651 88
4034 6837
3862 393
4254 8019
4795 6045
4426 720
2080 1889
4170 2307
3104 6865
546 1847
707 6970
6560 2408
984 431
2557 6724
52 285
5961 2871
4488 1371
1142 4883
2776 3144
5027 1578
2499 4259
4124 3732
381 269
4307 2020
6665 209
5269 3980
1854 682
797 2210
4723 4271
5934 4109
998 667
1830 4325
7877 3526
7496 6651
151 1360
3853 3240
2269 1124
2500 6037
5212 7095
6842 4032
1598 5061
2592 1054
252 5777
6111 7370
7522 2259
2650 6413
519 93
5915 2636
2473 7460
560 3068
6629 3010
3132 4927
5697 3988
2266 6209
6126 4417
3970 6346
4625 4365
1607 3991
7822 6420
2785 1185
4574 4522
7119 5162
3599 607
795 3190
3342 4494
7121 4356
1181 1712
6370 439
626 4615
6421 5166
810 7264
7006 5848
5954 2277
6848 1861
4036 5711
985 3046
2251 5248
2280 2394
5319 7442
1375 3269
5634 2395
2714 601
1672 4677
4211 1465
441 7833
5858 4725
2233 7805
3004 709
2826 4659
5850 5882
3 7052
3137 6502
3018 8144
1206 205
1337 7017
1209 7344
4705 1970
7753 659
3613 7630
2271 7842
1386 1868
2387 2128
146 4726
940 7720
835 4917
691 7211
731 667
196 6679
7839 2657
4881 6639
5252 2505
5154 1777
852 2966
3337 6661
6945 6021
6754 339
5846 1060
243 2095
1581 4333
6633 172
49 48
7193 6578
299 4848
3395 7434
7007 7061
5241 4390
636 1880
7386 7836
2251 3645
5788 3579
7079 1522
1315 2769
467 5799
5843 6584
1914 21
5806 7412
378 7109
7696 4040
7106 5802
6703 45
2715 1114
5610 273
6133 4005
695 4868
372 119
2408 1002
4640 4059
1571 1676
3595 5372
3504 867
2573 1523
1669 4363
4759 6786
2631 4677
2742 2872
2439 6399
3643 2385
1689 609
6014 7987
4014 7136
5038 4269
7303 3375
4329 4651
5332 4360
3943 7973
1302 4950
1815 5414
2075 6249
6080 3724
4431 340
3917 2609
5595 8081
4349 7158
7401 7802
7023 7231
665 2329
2919 459
5416 7386
4440 551
6777 6137
2316 6632
5284 4385
6686 1268
1907 2743
3535 627
6726 7391
4089 1066
1007 1255
2137 4964
1303 7211
4688 2310
2680 6106
4369 919
4131 6478
1889 3384
6443 3577
3433 4898
5387 949
1642 1487
6770 8187
4264 4156
5404 2242
4690 3097
8103 3171
3776 6936
7511 7405
4045 6313
5507 5613
7727 235
6530 766
1148 264
7967 4670
4762 4618
921 4554
7553 5178
7606 3681
2059 1476
3338 379
2029 2847
1812 3614
8186 4826
790 1115
5469 3409
2421 4671
2643 1102
4953 3560
53 5551
5037 6339
2023 4507
7451 4946
4731 169
4602 7023
5109 3766
4110 5224
3786 3199
5890 3359
555 1185
517 4715
6798 4607
2317 3006
7885 6754
4928 6489
3703 4404
7336 3947
5193 5957
5694 462
4073 2641
2696 4327
2205 5190
6719 645
3858 339
7653 4324
8023 6695
7547 4475
6906 6088
3971 349
4955 462
1158 826
2302 980
3063 2124
1448 1721
4565 2087
1476 7942
1341 280
6015 5761
5495 1141
4100 6346
3328 804
3877 4438
3066 1163
1141 7561
7470 7027
357 4757
7650 7939
7725 3894
4655 928
3095 7504
5615 7225
7641 3132
6918 521
6025 1059
3389 7468
5319 5904
6061 6282
6721 7454
2414 3292
3110 7751
1658 7855
1148 4424
2521 6892
2932 3686
4395 2546
1892 1682
2470 534
2826 2884
8070 176
4521 8147
5100 5934
884 4837
6882 1580
3477 5926
7218 5727
244 4145
2695 4283
7592 6744
6942 1710
8080 6543
246 4490
3162 7459
613 4957
7161 1122
3586 14
2226 447
5020 5793
4286 1341
237 1276
4779 6411
7116 1016
2738 3624
6492 480
1868 3077
4117 1350
4488 5660
7168 3931
1379 8018
3 7713
4360 4148
4901 7036
1467 2624
1698 7560
2590 4880
5367 3468
5914 6724
7456 2181
572 2800
3431 3191
3095 7293
678 5444
5257 7152
2955 5689
4943 2498
5968 1427
6340 6596
1571 7789
489 6667
355 1719
6731 188
4585 5987
7897 7337
6618 14
7547 2035
6027 2363
4761 7100
1064 4008
2710 8152
2209 1831
7222 4942
4907 5111
1160 7625
3845 5867
7850 3856
2736 7793
1405 483
3257 3752
1942 3898
7894 707
1514 1055
7167 7610
1547 4505
7781 4296
1651 6349
5744 491
6934 2048
2399 5662
850 2333
1118 8184
4101 3127
7528 7235
6501 3709
328 1951
5916 5604
527 4049
7104 7537
7667 6792
8044 7447
1194 4130
3888 7752
2427 8083
2070 6343
1527 6075
7607 1396
6787 6554
5485 4758
2678 5451
7714 707
4483 7521
8134 1876
7979 1752
322 6728
702 213
3466 4258
2766 2228
3219 7502
4959 4587
7243 5199
1288 1485
7169 5028
7501 5445
7516 7141
2849 7007
1454 880
4282 5529
6830 3208
3865 2147
3148 1140
6346 6698
3439 2624
859 1616
7145 4075
89 3999
6120 234
841 1879
6268 1417
5881 1517
5699 7911
5934 3030
1958 439
6002 7901
4662 2036
3223 682
5188 5203
6224 776
5197 4727
7659 650
2435 5874
1680 2482
7467 1977
7967 7292
7895 3491
31 1784
5592 5014
6010 5669
6650 2489
3566 3444
4015 3426
2058 5033
7639 294
6835 4005
1687 2172
1590 1084
7032 7135
529 741
2952 1494
1516 540
490 4925
6753 364
5522 3996
3797 6234
2629 159
4797 3697
3891 943
2968 5840
2017 5996
6410 5797
1799 142
2835 4095
3752 6395
315 3731
3224 5097
8046 6320
6096 5417
3758 4164
1091 1836
8114 3728
5431 710
5491 7897
3646 7234
1676 1992
7012 4937
3092 5192
170 5833
4995 3574
6659 3779
1101 5166
5720 5307
4851 3104
1326 3097
7425 3940
4767 2267
1757 5173
6675 6419
3308 68
8070 4881
4325 3711
1428 4305
272 5399
3532 6704
4870 5431
1981 1421
5589 6858
689 410
5239 3843
1647 7681
560 7983
2998 4115
7725 2157
181 5846
7283 7111
7981 3397
4340 599
564 5416
3001 6492
1358 942
4467 2072
6212 1075
3157 1519
7631 3426
1417 1654
6887 2346
7752 6291
7844 2477
4351 590
8020 484
5416 3849
4798 3071
3766 911
7434 5103
618 7054
5829 402
3710 6077
7569 5616
1590 4641
5813 7007
6722 1191
3214 5026
6943 4463
5206 4887
4458 3862
1920 2582
1024 1554
2690 4061
7615 8123
6003 7977
7373 1011
7761 7094
659 4827
3459 3568
6476 5766
4158 2326
4814 7111
2684 1724
799 2479
6116 3290
2374 4555
5618 3639
2180 7851
6626 2475
1631 5949
448 75
6722 5309
193 6926
3969 1835
7436 2430
7668 2561
2698 4694
1340 1597
3093 5532
6870 5932
7589 4980
38 7997
6707 6340
1239 413
7744 6289
2516 6318
5859 5839
987 6622
1100 1962
7953 7491
7361 7414
779 6478
155 6134
1983 4100
5160 3707
4587 3477
5660 8180
1250 5559
497 4666
3722 8028
4138 4601
2996 388
4801 22
4994 3763
1464 3148
1393 3643
2080 4358
3746 744
49 7929
710 4240
3189 681
5062 8150
1201 3841
1777 7747
162 4697
1277 2677
7194 7007
1104 4959
1429 7469
5493 658
2506 4365
7021 6536
141 4782
7036 2776
2201 7618
3093 6610
1271 4049
3150 5604
6014 4376
588 6308
7930 7741
7748 7424
5268 7790
3313 2341
4756 6384
5940 1627
6344 7525
7273 51
1165 3146
2638 4570
5223 6611
7959 7325
4983 1148
6301 5950
6388 1737
1734 7724
3402 4328
7952 90
7270 6840
6934 2542
7345 6525
7841 874
2476 5342
3622 233
4041 3866
3942 268
2747 381
2797 4825
4503 3129
1979 3968
2153 4594
3484 5500
1948 6238
6877 812
7701 4267
1396 6784
2152 3917
52 3722
2417 2023
3127 7236
5958 1231
5382 3651
5217 5624
3015 4086
3096 1661
1984 1993
7888 2111
2687 5121
8002 4190
5206 361
3732 1021
2280 3175
6988 2951
3733 4006
1190 7600
5287 3168
6854 30
7613 7720
3149 4129
3038 4290
7889 3411
2596 3732
1454 1737
4025 6296
2818 5609
1418 5498
7601 7735
185 7681
3742 6850
745 1985
4229 5320
1258 3783
8074 5016
2172 3136
6276 411
4433 3719
1518 7899
5614 2434
6547 212
2362 5610
7308 8118
2901 2850
6657 2277
5091 1838
4337 7973
7756 6652
1416 1097
2273 7128
6182 3897
3551 3689
6447 438
3906 7341
6852 7562
7604 6343
7143 2520
5443 7783
6189 4305
580 437
5544 1043
3666 4333
6099 6788
433 1133
3306 3890
1218 4887
5070 5134
7325 8034
7398 6772
2177 4032
5012 6872
3241 4419
7548 1598
7464 2031
5697 2578
2854 2153
7535 2245
4281 7601
1066 1322
2495 5965
7318 5217
2418 2167
3037 3796
4890 1520
532 2223
6039 3360
5691 3380
7515 4155
3247 4283
8123 7482
4724 5006
3596 6735
7419 570
6878 5708
1788 6788
7803 6763
3006 5839
992 5345
4384 2918
3560 2519
4139 697
3947 7225
7997 2015
4122 362
3391 774
7234 606
3189 3716
7352 483
172 3703
380 2823
7556 7263
8171 6947
3144 3332
5336 2010
3895 3988
3037 7464
4804 6540
2093 1349
939 2527
3814 6438
1186 3665
5740 2211
6819 3132
5116 4552
7791 3801
6094 6373
5380 332
7981 5955
7290 3679
1359 7307
4624 391
1331 6180
1845 3677
1143 1058
4278 1969
8114 686
7573 6276
210 4779
5440 7007
3688 5619
3221 3719
1653 7909
1565 4018
6457 5721
6223 2441
7127 2114
6644 5240
6278 6142
2698 5762
2999 849
955 5993
1649 7655
6755 4011
4750 4119
7026 5164
4336 7123
8054 4484
2319 6778
8108 4118
3772 383
1358 7069
1421 5939
6404 5287
1063 2187
5213 2346
2054 7068
6732 7740
2721 4140
2843 1310
1203 8166
8023 5066
6130 3787
1969 4785
6237 2088
2461 4010
4781 846
5614 7415
844 1510
3659 7375
5283 8056
5294 6738
1181 4241
5482 5684
2325 5344
726 2204
4279 1194
6493 940
3297 3900
3099 2878
2950 2322
7074 7932
6875 2990
1534 1130
276 6024
7646 6762
7708 4601
4180 7743
6219 2451
4706 5848
186 2331
4649 4982
1263 4984
8006 8142
592 5021
236 666
6887 7596
5246 2252
4809 7324
5976 3353
2719 1762
5395 5773
5703 3937
3891 681
501 993
6054 1146
3549 6589
3976 4106
1778 785
596 4483
1102 2908
1191 6559
5755 5967
6397 5326
3315 4952
2075 1654
5216 3157
6173 305
2599 3651
2271 7097
3734 190
3969 4559
5593 7910
1056 4493
4406 4260
3787 1694
7153 6641
7146 2717
5887 1940
2635 6323
6351 2227
4022 3056
3953 357
918 1801
6744 1728
4290 5120
2790 2518
2086 7714
4666 5216
7496 5712
684 5402
6334 4505
232 888
5746 4578
1550 4529
4223 3721
6318 2184
5301 5681
989 4961
7323 7509
3551 3744
4280 4992
6037 5805
4217 8112
7830 5352
3216 5407
2367 5303
6841 8026
7129 5169
1505 1764
541 6150
7870 4106
6150 6306
4895 8128
7757 6305
7824 6563
7250 253
4708 4415
3356 726
3566 864
7652 3814
1945 3952
1272 4738
786 4647
1552 1461
6215 2300
633 5766
6524 6983
1927 6723
6134 5174
3145 628
5429 5973
4281 86
366 2187
8121 6709
5469 1600
7389 3282
5230 6377
6828 7532
4121 2257
5341 5445
1573 6258
4215 5929
4680 6030
4498 8071
1690 1816
8054 1858
4499 1430
7805 6738
2691 1032
5948 5960
1037 5062
4589 2785
4870 4365
3408 1172
4155 2891
3425 6335
2719 8101
1868 2532
3582 2774
1527 1984
441 7430
461 7555
6379 3498
6165 5017
7616 1048
2589 6816
439 3668
2777 7673
7851 4415
5016 4095
2709 1540
5158 5396
1028 5320
3642 2379
386 6322
4862 4683
3033 4463
5943 2966
5322 8182
1926 2381
5700 6525
5544 5366
3180 2300
7758 6545
425 840
7392 1016
7367 7215
2601 6286
1566 1472
2285 1738
5822 566
8178 5123
3517 6561
3500 7083
7214 8085
1232 5956
3981 1746
2459 308
2294 1663
3065 6743
3646 2144
2688 312
5074 779
8118 7335
5787 246
7019 7152
3208 5166
7332 7153
6503 2958
7777 2290
2511 5350
2918 6373
86 1728
4829 2992
6486 4517
2426 3667
4407 6503
4701 3287
3392 1139
7039 4308
5452 2123
7069 4057
4029 3639
3828 3269
3285 3997
35 1445
5739 6885
6152 1877
2503 6743
7580 7750
5284 349
2817 3127
4547 4877
6604 2643
4842 19
7551 3745
1587 4449
5365 1827
880 179
5667 2266
6268 7572
4540 3925
7620 100
1084 3551
6351 4976
852 2258
7250 2999
5225 1220
2133 5507
7722 4800
4214 3497
4381 6904
6571 5984
2718 6644
756 2767
7240 782
3305 501
5200 1223
5897 1477
49 6915
1132 4242
3958 4321
518 1860
4572 4977
939 7578
3493 5034
4491 8148
1828 5097
4450 490
7439 3530
7911 5505
6966 5975
4941 7609
5320 2716
2599 680
2774 2777
8164 8081
2958 6316
6678 5646
7512 5670
7497 1337
7011 2857
3975 7964
2824 3103
6313 2090
1957 7063
6754 7052
7764 4546
1051 3643
4518 6240
4137 5988
3506 41
870 6500
7813 1624
3515 7316
6226 3179
1426 314
688 3663
5127 1815
3329 5291
4144 6090
1873 2590
3825 7382
2712 4502
7477 5016
6652 540
3443 5624
1291 5391
4428 7493
4166 6384
2218 6722
7491 3952
2131 6094
5424 3546
6257 4718
2277 2950
1003 3150
4062 4412
2231 3067
1164 6958
6236 3036
1796 7423
1033 2849
3986 6850
3997 3914
4344 6365
2172 1246
6710 7616
1570 3279
6673 4735
425 5988
6526 404
5152 913
2803 3025
653 1965
396 243
822 3481
2558 4588
3238 537
1069 1650
1344 3460
782 1145
1553 2226
5867 4125
5031 489
4193 812
7673 3982
4430 8074
3448 6616
714 4384
150 5391
4705 226
2856 5455
5959 7883
8071 5115
7093 3208
4783 4885
6604 1411
565 868
1647 3105
2564 6368
1117 1901
2322 4035
6095 7923
3898 3416
5665 5663
2793 1817
4859 4642
4882 1880
5350 7753
4207 16
6691 7372
4550 1052
651 3215
4061 6595
1201 693
6526 4248
5966 2838
7189 1497
573 7967
6101 4338
4356 6588
4787 6556
6697 5930
7013 7401
3257 791
7168 6833
636 1328
6516 4803
2251 115
1522 5646
4576 6792
1562 3248
6053 1921
1519 2427
7650 5132
7203 272
4187 7618
4080 4940
1346 4242
4696 459
1072 793
6844 156
3690 3913
4776 6025
296 3921
6391 3776
461 2369
7295 7089
1494 4879
5192 296
1819 5936
86 4467
4895 218
1489 4955
2734 434
3527 233
6204 31
1430 7894
1705 1143
3707 6551
2778 173
6232 5691
7761 4076
5348 2187
2420 4717
2956 2292
1990 5931
6176 3549
2608 5473
2198 1049
7285 4646
325 3676
6651 5616
943 136
3363 534
7843 3929
5967 5304
7676 5756
5508 4538
5545 7328
5954 2607
4502 6752
4126 4146
2075 3235
7435 5482
7880 6082
4083 5860
6037 351
7789 1361
2818 4470
3078 282
2534 5162
2453 1745
4220 2045
5108 2369
3538 2797
6445 5840
2367 7492
5081 1534
6062 7221
7215 4168
4578 114
5472 2054
8182 1539
4208 5798
7869 4119
4360 4338
6706 3570
2799 7788
3830 4781
6493 198
2524 44
4432 4381
1489 1380
2370 654
2231 4810
244 3361
6194 6634
5000 6239
5751 7033
8084 7194
3806 923
6886 7881
4547 573
3852 5267
6846 763
4578 5548
483 7129
5526 7214
3098 2703
4466 6218
4791 2458
809 7106
1353 3605
6633 4283
1679 7832
6701 5869
5416 1601
4091 1671
592 6449
4832 5427
2744 5773
3948 130
1244 3584
7155 6177
1305 2
6970 4896
2336 1086
4750 608
4961 5720
1166 2865
1608 6831
3197 93
3818 3797
4312 3241
2219 3423
5710 7272
7027 2731
6056 5492
7761 3682
1603 6835
1658 4416
170 2956
5520 6598
7423 4636
7313 7888
4218 4739
6999 6432
1137 6980
5311 8126
1338 2919
4920 6086
4587 6209
3079 7207
3989 2403
3071 7837
1309 7984
127 4407
7973 6877
6387 4159
865 4639
4868 179
4613 5125
5418 5288
3355 3500
7345 115
5651 3386
8136 3586
6924 3196
3377 5715
2280 7437
5869 722
7950 5955
1428 1768
5369 1995
2766 1556
4754 7793
4863 2506
4675 6808
1120 4461
4364 551
207 7832
1027 5842
1204 7275
1109 1072
1565 4721
4010 363
1493 6686
4556 6610
1354 6818
4032 7044
4203 851
5424 840
4433 4498
4610 6284
3478 6789
4060 4586
3003 5443
2128 2189
7073 2836
1167 5845
4638 1607
223 6505
1688 5273
1320 3947
2152 7847
8016 1512
3014 4167
4745 3969
802 5282
5075 5973
5714 2024
1714 5447
6680 5655
847 504
1423 4399
3325 1749
3081 8092
2608 81
6384 3456
6536 8050
7182 3271
7167 7482
7968 6875
7204 1138
7959 318
1216 7503
253 2038
275 653
202 7022
5593 7710
3965 1358
5405 3583
705 6918
3670 7599
81 6566
2565 2439
1973 3398
7525 4901
3860 3792
7989 7794
3980 2938
4535 1243
5562 1533
3523 6687
2099 5958
617 2206
5616 5223
6373 7274
5228 7357
2471 1706
1167 1597
3678 7988
1800 6103
1450 3917
7506 1800
7785 6666
5366 3750
302 6616
3425 3377
2836 581
4613 2932
4916 2859
2137 958
4462 7008
5292 7701
1855 3577
8167 5219
2459 4844
1418 3098
5841 3633
6001 4240
7255 3562
552 6702
7677 1256
3869 4817
4595 4549
1567 6951
2061 4985
5405 6814
752 2841
6039 112
4497 7444
6062 5410
4027 3623
2580 8007
6477 710
4038 7983
4597 6031
2525 6955
361 5183
220 6657
7660 8069
3570 5039
8115 6558
8073 7615
3028 4577
2157 4426
3616 2
438 3807
3393 6807
4637 182
1964 5492
2666 2221
6031 7555
1221 6820
7876 4739
8125 6364
4546 1859
5862 3756
3960 7407
2384 4256
6634 5096
5952 1564
2881 782
4337 6801
5178 7020
6780 169
1893 3929
3223 59
4844 7523
7139 5636
2457 4746
5050 7802
1 3621
557 3725
1100 7140
8049 2625
4269 3759
6241 3135
1352 7793
7362 4876
6289 522
6480 7596
1543 428
5776 6019
2386 2775
46 6192
5930 7542
7244 1752
4419 3513
6686 4635
3622 21
7548 405
2067 380
8068 2464
2185 4933
1153 2907
4515 5703
1667 1582
5779 6864
4796 5687
4365 6493
4512 7474
3789 651
6215 2836
6469 7204
6137 1381
2944 4823
4647 7281
4421 7536
3466 7855
2620 3519
6302 2624
747 252
1646 1942
1224 6105
6641 4101
3023 2064
3110 5782
4831 1479
3802 22
7589 345
3482 3481
3034 4003
1083 7975
6070 5150
4923 7144
980 2762
25 1314
1537 1447
1139 5344
3369 6904
1216 875
3060 5307
153 3680
6142 451
6153 3316
194 3033
162 1939
1919 4230
1620 7411
2029 1325
7076 2543
63 7093
4020 2005
86 6096
4540 254
2961 5686
1450 7895
107 7588
6345 8072
541 2400
7680 2944
7171 7780
5355 5811
2336 7912
4995 8115
8016 4988
6397 6050
1784 5040
6772 5453
3184 5402
2362 5707
1633 2770
6205 1124
3136 5145
2479 5427
3937 8175
4801 3470
6539 3830
1630 6539
7663 7750
1558 1683
1454 2651
3576 2823
1422 5057
4629 7640
300 4147
3699 5931
6130 7502
2479 2854
1484 8025
3817 7711
1947 7093
8009 4342
7177 6816
4704 534
7361 6939
4315 1445
6496 5678
478 485
5799 501
4863 1010
428 1262
4791 3072
5786 2095
3810 3527
7556 2376
5583 1714
2972 1063
3676 1366
6960 3883
6841 2940
4292 34
3603 2086
7234 6427
4173 4457
4596 5706
7548 6259
3782 3978
4865 3493
2498 568
1992 2207
3801 4092
6745 1307
3276 3203
2421 4478
5438 7504
1396 7200
4328 3292
1802 432
1445 262
1819 8113
5793 1135
2249 7658
1783 1987
7562 5348
1376 901
6233 3635
2495 2339
3647 4408
5560 3757
3315 1134
6453 3562
2219 3527
4939 6484
6991 1463
4222 6375
566 2006
6843 3568
309 7401
5784 7107
2646 7375
2159 8086
1682 5264
2107 5757
4046 6575
6602 2981
3326 6651
1129 805
1064 6460
7533 4484
6998 5879
4547 6973
7089 4307
2740 7869
1270 3210
4270 3478
2328 1
1792 1871
5220 4083
5704 7129
5983 7715
6652 6433
947 6799
4556 742
6841 7737
2707 313
4626 3144
1529 780
2357 2222
5745 8028
4550 761
4636 3137
8147 310
4939 6462
925 4977
1985 3136
5301 6201
7478 2352
3207 2114
4513 2474
234 6252
7226 2719
3903 3716
7725 3877
6052 3321
8083 2499
6758 4025
5684 585
2876 3557
4583 5218
1128 2583
3699 6832
164 3477
558 4931
8 7618
1358 222
1033 4636
4333 7909
4235 4081
5739 4434
6291 2056
2153 4113
3515 3423
4081 5984
4448 4320
1903 718
2537 5371
4951 6008
362 7239
377 2579
559 5302
6760 779
6562 7983
5678 1095
4876 1020
7071 214
7222 6361
3212 7497
6893 1384
592 3941
7822 6238
7899 2280
4933 7355
1095 5945
625 1554
785 2176
631 2075
2884 6090
1907 2314
6551 4513
1662 7690
122 2376
980 3455
6122 2513
7710 7228
5505 3346
2606 882
4531 5226
4820 416
2449 7533
6868 5366
2957 6018
1272 8000
3200 2143
6980 4445
4147 2851
6194 1847
2218 4606
4280 7414
6741 7070
7992 3122
93 550
6970 1736
894 3461
4076 2846
6075 3435
5567 7067
6800 1665
5945 6591
4254 5648
4980 7577
4594 5505
6996 3757
1871 5921
4230 1239
4877 4845
6707 8144
8105 4445
842 3749
6811 1558
6059 1898
6225 2139
4643 696
6644 6749
2692 3379
4073 2701
6854 1986
1866 5005
6086 1608
1359 3838
249 7702
7389 6504
2912 5492
3956 628
1188 2187
4729 1914
1156 7651
2794 2627
3951 3944
6407 5057
7420 7292
7042 7298
7849 5685
7457 7613
7222 5674
5784 3617
6802 1764
2681 3745
4635 7994
5476 6279
2116 6668
1527 6068
4564 5784
3015 1697
1357 24
7305 2193
2457 6341
3286 3260
1318 6668
678 189
2806 522
2242 4477
336 8139
2801 7520
5001 1153
5710 1953
5024 3202
5262 7305
358 1066
7411 4940
3073 316
1822 6151
5334 6396
7104 4075
1452 4066
1338 2668
340 5131
3760 7868
1267 6197
2691 4063
3737 4513
8177 5545
5516 3978
4218 452
7285 2939
2125 1022
1632 3472
8173 3943
7340 617
4047 2511
4875 1512
1208 4094
1263 1169
3391 6202
2859 4945
6366 923
1032 3221
1683 6933
8032 6515
2767 7315
6781 1759
1500 3387
3157 3663
3323 4716
5445 5751
3612 5288
4900 4142
5432 5046
3947 2432
7104 5698
3926 960
1826 4017
2163 6863
933 3189
219 439
7279 7186
5177 5482
2529 1113
226 4997
1253 2463
3882 7005
7630 2029
5484 4828
5101 1400
1819 608
4458 1575
3444 7140
4302 7706
6114 3441
1334 3462
5798 5091
2117 749
8153 1137
5632 2058
1147 107
4048 555
570 3053
2347 46
688 6643
6851 5251
7572 8154
1536 6675
6397 5255
6540 256
1663 461
5171 4579
3816 6834
2445 7722
3924 5810
2270 2341
7014 5868
1861 5522
6562 2074
7530 722
2976 6124
4884 5290
6731 7660
2656 3802
4694 96
2755 7340
1573 395
4128 5347
7200 4433
4445 7643
363 1183
1646 6108
1165 650
5739 7713
164 902
5553 6867
6509 4464
4324 5345
5619 5712
4022 7540
7977 1346
5373 1007
2946 900
4284 388
532 7242
2626 4113
7907 7659
1292 3423
5660 1880
140 4233
2017 7249
6873 4730
1746 5528
185 775
4345 6859
3463 7521
7171 1460
3220 2234
111 2731
4929 6415
7201 4980
7009 244
6829 6607
5031 3382
7390 4578
8026 5247
4821 3527
5308 61
1389 4345
4855 3742
6671 622
3427 6606
3609 3974
1113 3517
7259 6821
2368 6518
7952 4698
2163 7025
7533 6509
5640 5008
4909 6841
5224 8148
3887 1143
6706 87
7089 1701
5099 1585
6034 1567
6972 544
296 1534
4561 1857
7196 2031
3107 5886
4095 2457
5693 4442
4108 6919
1932 1292
5308 5382
4696 2182
4647 3730
6561 4236
599 7120
3988 7755
4188 5958
7077 7350
6846 2922
6057 1396
644 6455
6041 3169
3810 5177
3077 7925
1075 5780
6248 7038
1119 1671
4131 1948
5720 4014
825 1491
7829 4316
1870 6434
7804 197
2223 4924
6528 6990
430 1594
738 4442
1953 2240
3806 5457
5929 6531
7177 1843
7375 6043
927 5011
2341 4746
3104 4173
7182 2601
2697 2893
5595 2561
8130 1889
685 95
4440 6742
7409 3019
6426 128
2879 7401
2412 1823
2066 6832
5360 7448
718 5275
4123 1168
6681 2118
188 3338
341 2177
7830 4114
3726 2416
2156 2235
540 7627
5652 3374
5300 2920
5167 7186
3739 410
532 729
1781 2323
2856 6366
198 1783
2652 1648
1428 3629
8120 6959
372 3707
5011 3321
243 6908
5372 6919
5779 8094
7208 3967
6526 5088
1027 7483
440 5659
750 3244
836 6893
7358 5996
4450 7396
5905 8094
1650 7658
5754 2629
72 7671
2926 4360
5835 8035
976 6721
3422 1153
6467 5337
5916 7347
2669 2955
6006 2958
5600 6954
6674 3613
862 451
7325 949
5693 4264
4908 4746
3946 868
632 5958
1327 1494
475 3258
763 7510
1379 1178
6767 2335
406 7975
2738 5918
4030 5832
2752 666
3045 3754
1871 4361
637 699
6879 7411
7667 3703
112 1781
5975 2451
1847 4818
3136 6935
5034 3365
4838 3545
4385 3654
4356 2694
4431 5320
7902 7490
3263 7401
6609 988
1905 6960
3984 6964
6067 6311
3562 6409
4141 4562
5688 3233
3900 7229
6640 7920
7762 4080
6104 2231
7200 1170
406 5682
5365 5502
1626 5620
5785 5417
1166 4938
1615 1079
2294 7975
1818 2836
4331 1766
7164 1237
7979 215
5960 4669
5798 6012
6558 7565
5403 5889
5529 6171
572 1918
556 4499
1124 7703
5289 2674
6810 1369
2571 8005
4803 7837
1813 3734
5352 8138
6453 7528
2799 3364
677 1457
4297 7177
4660 4675
6667 2518
3156 6361
6228 5473
6621 4331
255 2139
1398 2927
6392 1824
1652 4053
7224 1020
1158 2964
2263 6346
4173 1103
5026 5641
6004 2592
4938 1642
3897 7241
3703 3065
3643 1960
4096 2466
3853 4414
3933 7952
1717 7988
2354 7495
7473 4708
6626 3457
5239 3089
1992 1719
4305 1815
676 825
2794 7942
2352 2424
7799 20
6498 7154
6897 6425
3124 568
4282 1190
880 2156
7178 2293
5402 6411
6188 163
3366 6511
5789 4359
455 4859
4087 7109
7138 1125
6357 3948
803 6137
451 7125
1939 7832
5435 2252
517 2760
2134 6226
149 6443
6833 261
5284 2630
498 987
1293 271
1193 5059
3388 6599
3126 358
3680 5884
7925 1883
3005 2255
3336 5917
916 7225
2248 2355
6808 5508
120 5556
4322 1347
2265 243
5552 1199
914 3235
6771 2695
7930 7536
1884 5512
1063 612
5606 6819
4289 5401
6332 6249
5414 4895
6846 7144
4284 8103
935 4688
4324 6082
4159 7229
5813 3719
3221 3534
3456 4191
7666 6689
7184 3053
2467 1127
3791 4036
7302 7569
7391 1098
2579 5620
2336 666
405 2098
3189 3206
4683 565
1967 5109
1069 4661
3876 6263
3533 2605
6315 5882
4302 4760
5495 1323
1750 7065
4390 6888
7622 7011
7533 191
5284 7654
6146 1363
5389 7690
5363 955
7470 1554
1619 7659
326 447
2256 2815
6776 6767
411 7024
8186 4979
513 4274
7145 5788
5919 5945
4649 5179
156 6900
5273 5310
1874 7529
291 4376
6075 6181
6353 935
805 7389
4699 4171
971 5658
2452 1564
3980 1756
4832 1896
4377 6529
3741 7276
2422 221
4887 3881
4825 3138
6009 7599
4931 4542
1782 2864
1657 5167
4173 6119
6427 2137
2763 4669
6094 5750
2606 1034
5454 2863
850 2424
4168 1955
3658 2269
1541 1272
2426 2842
2205 3960
281 6270
1162 5910
3980 6287
4544 7450
8180 3908
2830 3907
7377 5069
6802 3599
3637 116
4558 632
7679 3576
562 5312
4401 1815
3498 324
2669 1890
4118 6627
2745 8140
5440 826
1863 7880
2744 3522
2967 1421
3777 2636
6359 6468
6434 7969
1311 5883
8030 2008
3369 5062
4498 912
2517 4969
4505 6788
1303 7988
7865 6889
8049 7318
7729 4506
357 4956
5433 4568
1984 1470
3095 3678
3292 3807
3579 5527
876 5610
3924 2515
5208 7557
4338 4302
2856 6940
1323 739
501 5513
2291 978
1010 4810
7007 3775
4037 3393
2882 1415
1125 3582
7552 1801
4074 7921
5560 7409
2126 2904
394 5321
5878 1565
1654 308
6584 1232
5234 6193
205 3825
7952 4805
1130 931
7443 2439
929 5796
2445 2042
1186 7071
6552 3424
7160 3409
2396 3463
6803 2898
4159 3429
2713 3504
1831 5001
7335 3460
4103 1012
2361 2187
7944 4212
3486 6464
4070 7307
4278 5092
1489 2737
1326 1656
3932 4148
240 403
6601 4362
6277 3003
4801 369
4217 1799
3148 5297
1391 6921
4519 3037
3544 3500
6145 705
1923 4497
513 1281
7938 6385
7984 3221
3328 3908
348 3315
1914 5625
3797 5494
1765 3676
3260 3689
159 6613
3631 261
8043 4851
3546 411
2610 5436
4108 6712
7968 6952
6719 6848
7238 2752
5809 6297
3054 4911
565 2379
3403 5584
2784 7856
3598 7026
6900 1195
3053 6410
3876 6878
173 6775
1308 761
5755 3595
5424 5405
3113 516
6684 1352
6681 6991
6669 5688
7020 5279
4782 5200
6278 595
200 4474
8154 468
3593 5256
4426 1159
6234 659
1335 3026
7102 340
3314 4535
6717 5324
7248 879
3602 668
4547 3894
557 565
3395 3206
891 4169
6176 536
1469 3800
7639 7963
5531 7622
4193 3966
6086 2642
7213 2804
8128 3416
6105 5001
2905 2989
6647 4027
2531 6499
4704 4815
7668 5223
616 6255
151 3000
4092 4338
8090 4302
1412 7262
7997 2112
4919 4051
3470 4679
2384 2723
6054 5469
7917 7856
2837 3000
6314 4334
3982 7619
4029 2821
6246 3900
5667 95
3982 5483
1070 1189
330 4204
6984 6159
448 2512
3779 2988
2595 2549
5372 8058
5951 2450
6536 316
5931 669
2938 1092
7197 164
5147 1453
361 350
7495 182
6901 7105
1515 882
1825 2222
2481 1543
1484 3481
2885 4908
5319 7570
7503 1358
7405 7821
4339 2097
4921 4899
2849 181
483 2329
4366 4409
4961 3485
137 5959
3506 1241
3232 2001
5310 955
5780 2481
7278 5386
3095 7939
6788 1556
2543 925
5649 7253
4129 7061
6582 5400
7475 4286
4698 5271
6279 3732
5163 4220
5717 2180
6523 198
4607 7659
1643 3946
2913 4878
2868 1443
5801 2030
5016 4056
6752 7048
5247 5357
3149 6493
2346 5427
6296 6861
5464 7356
5354 2069
6865 3508
699 6053
3244 5792
2958 3616
1193 3702
1061 7436
6139 5022
6951 6342
2785 1130
5163 5844
2208 684
6278 4468
2741 7629
2947 1831
1825 2904
2257 808
6784 2314
4667 5524
4927 5052
3747 1623
5391 8005
2296 5521
997 3426
4437 1714
7800 3759
7116 2144
3827 1576
6423 2703
1864 3183
3437 2886
8025 3509
6943 856
6233 5746
2879 7877
6051 1453
3725 2299
7991 5766
3891 2164
6598 5667
3408 4681
1286 6595
4729 4353
2514 3406
7311 742
5452 2109
2147 3399
7855 6883
6811 7967
7035 2217
4792 5577
46 7347
82 1898
6284 6073
4834 2127
6997 1149
3472 3140
1592 2033
1308 1852
7124 7602
6062 5109
7547 2935
3775 6117
6368 2091
1608 7083
2193 1549
5735 3019
2184 6273
3752 980
8058 1078
5610 3672
6845 4649
531 7342
4690 5111
1274 1430
5287 4774
4659 2637
2921 1852
2292 4291
5124 2186
5706 6054
1448 5775
1472 2225
6020 3236
3618 1980
6503 5348
3334 4396
6620 3398
7518 2207
774 280
1168 7001
6711 5358
139 5632
6041 2591
7369 5167
293 7104
93 2346
5704 5494
1702 3037
5149 1723
5563 7069
5590 1784
4308 2962
2654 3984
2459 3970
4137 7203
6461 4187
6741 3548
2304 4681
7521 5099
4720 725
2077 7504
2631 6486
6485 6989
5772 6952
459 8029
7982 7476
4302 7904
7221 7241
6672 6477
260 2168
2131 6961
420 39
6976 7345
6702 7413
4185 5307
3969 456
5999 5889
5029 2346
8143 2499
837 4520
167 735
3723 7612
1294 2612
7782 5973
2775 319
7413 3644
4478 3343
6442 4752
4785 7767
3089 2025
6141 4773
752 5527
4340 4807
4197 5119
6799 7024
740 1085
5989 3805
4329 3787
1361 7624
3224 3908
871 927
1197 3244
1607 1428
5759 1428
6688 8123
1124 4816
3427 3450
7599 6455
2375 6557
6434 7503
3074 5607
6745 2149
4237 1719
4749 2524
5546 4404
1240 2940
3814 3919
4779 4950
2462 3072
1698 5559
2637 755
1311 4090
494 2370
6035 6636
2775 4992
1063 680
3132 3427
6845 3925
5475 3517
3040 8082
5040 4032
233 5004
5939 2187
5120 5667
6018 5346
5421 4200
6095 4286
2547 2168
7462 4285
2475 1172
2678 6345
2578 7476
4282 203
5570 3198
187 2517
381 7733
7190 7660
6434 407
4721 2375
2938 7078
3409 2840
3062 1119
1065 4814
2488 3311
5899 3785
2129 6091
3197 7901
4514 3501
2195 3018
1802 4215
6037 3099
1644 1848
3483 3972
7206 5295
5993 2567
877 7245
171 5755
5845 4138
2885 35
2869 5802
3044 7849
4194 5566
3643 6200
4565 3728
4159 4253
7307 2621
6713 6770
3586 1423
5190 6157
3535 3482
4916 5460
6224 5396
2176 3245
3414 1135
1813 3897
2554 5427
2205 3150
7633 5093
4343 7850
3550 5698
1830 220
4337 3049
1382 97
3358 1884
1337 1937
2051 2864
6894 4185
7910 1393
6280 2680
5568 144
3607 2388
7787 3645
7886 5067
3485 3752
1375 2109
3498 4028
704 7339
4077 1307
3628 3288
3198 3487
6643 6935
8095 6706
6215 2278
5963 5400
7700 5569
5957 2378
1222 4344
6010 1794
1856 5612
2325 4835
4769 4177
7588 704
4781 1283
3748 405
7557 742
6986 1582
631 4907
2539 274
6806 3598
2841 1916
4974 8153
430 5963
7358 2778
7694 8165
6973 7320
855 2858
6471 3906
1733 505
4484 6807
2183 5225
6814 1228
4897 4455
447 3996
1838 709
2138 328
7105 3006
5308 8053
3518 5411
3469 612
3968 6093
1312 2339
2313 3959
3929 1918
4140 4300
4786 2684
3282 4925
6817 6163
5822 5343
6450 354
1516 5398
377 3643
4963 6726
5170 1568
4680 658
3958 332
2998 5065
5321 3456
5281 5846
3145 1689
4786 2895
1087 893
4137 2743
7746 6842
6981 7156
7729 152
6703 5259
5945 2811
4307 631
1298 4062
4314 707
3530 3877
4032 3229
6173 838
7717 2293
1477 1821
3341 5378
8021 2037
3612 4031
4560 5828
761 7207
3737 2540
3741 6325
1849 4566
6360 1242
5093 1057
6946 3271
1076 306
6608 7408
1201 2320
5353 4790
4968 4178
3450 2590
2533 4214
3720 7802
4772 305
1017 6435
665 4153
2539 3923
5751 4131
5783 2441
3229 5921
3466 7310
3940 1918
6919 3198
1160 5319
5297 3873
5716 2730
3637 2187
3623 2284
5367 3191
5749 5816
4038 2085
7359 934
5772 4141
1007 3772
1629 1747
2796 7009
2492 3387
3108 3954
6005 5268
4319 3671
948 479
52 5835
4507 882
2613 2707
791 2933
8191 7465
6452 7255
3268 6015
5091 8146
4938 1282
1392 3197
2281 5676
908 443
6610 5107
6740 6449
3059 7761
4956 544
1278 1231
3403 4983
6140 7359
92 7939
1352 1764
265 4117
6936 8075
8016 1476
2070 7575
948 2595
2298 4022
2224 2685
1065 4959
6539 404
7693 8009
7911 4642
3414 2744
7133 3154
4804 3240
7319 67
5793 732
7456 5644
477 7045
4098 6689
5341 4150
5668 3598
5092 216
6738 1103
4122 2859
6124 1047
4532 575
37 4963
7587 7236
4369 3626
2594 7982
2367 1441
5272 1688
6304 2243
5877 275
7065 2807
800 7775
1534 7015
1417 6985
2000 1683
4839 4356
7360 4342
2656 2793
3049 5926
5921 2795
5174 3644
3586 3960
1569 3056
6693 2368
1243 6455
4378 5074
4780 380
2407 1609
6792 4429
5772 3459
1797 3214
3796 4403
6919 82
2142 6587
8160 3919
3161 4148
4521 5931
7310 7979
5568 6375
6377 351
4057 3087
3035 4166
582 7572
5410 7471
2740 4216
4595 3759
461 1812
2201 3773
7922 119
2844 7504
1001 734
7353 2523
326 3627
5250 7731
2090 3358
1275 2129
1323 3221
7102 1243
678 1502
2421 7658
1558 5576
1117 2758
4963 2789
1629 90
6632 3615
3587 2287
2775 6036
1656 5977
8000 1816
53 7497
6824 6183
5034 590
5815 817
2306 6133
4304 3572
152 4260
4807 5116
2636 6355
7017 5156
2000 3344
5279 4389
5671 3510
1358 7169
2085 2803
3957 1739
4469 2967
7183 3883
7222 1107
6166 901
2467 1961
3513 502
1957 6171
5548 6002
3158 5917
3628 1858
485 6638
2766 3295
7560 6088
798 4089
801 2881
2421 7839
3121 2560
5779 7253
3313 6013
609 4345
7352 4489
6177 496
184 4036
3454 7535
7510 6719
5787 6940
6578 2723
6793 6314
4609 4201
4583 6564
5856 6869
3207 5014
6093 1545
3881 4957
5242 7264
7107 2660
2476 2894
4131 388
3993 1422
3626 6376
4942 5787
1233 5959
2699 4380
4446 4689
1646 3928
6495 3470
7072 5899
7580 7791
224 6946
6872 2812
6274 5211
742 3006
511 7733
6267 7143
6599 3013
3196 7150
527 1442
3318 5516
543 4249
5569 4916
4809 4108
2962 7913
2645 6694
1410 6219
7217 352
5369 464
7352 6677
4983 6108
4299 5416
5014 3943
5962 3888
4388 5789
555 7805
2201 3933
5608 6002
846 3769
6240 2521
4593 5540
2789 736
4203 3802
2305 4565
7380 2663
5327 7355
2302 6542
7774 2820
6594 629
4108 5996
2203 3666
2459 2939
69 6088
2834 3645
2994 7193
4854 3447
5528 6544
3695 8098
432 4338
6785 4205
5772 6803
1817 2759
8083 1630
6212 3009
3664 5312
6015 6816
7886 2809
3257 7047
4348 63
6016 6196
4372 1086
7413 1018
5442 7160
3995 7408
3729 421
7805 6556
3573 2722
5994 5867
7913 7958
999 82
6498 3049
5590 3223
1009 3205
7042 1135
6031 5556
6985 3247
2673 2496
6454 1858
3055 2335
945 7294
5520 4035
2308 1525
1272 7255
3048 7189
1837 6555
3247 3179
6177 1445
3738 1180
2325 5213
3858 5950
6810 5058
1507 1556
1495 1535
2671 207
4347 1393
1709 6680
1666 2589
1337 3565
2774 154
1253 7423
4523 3778
1868 7371
686 6422
329 3970
4272 8053
4178 195
364 7879
7944 2023
1376 1430
4117 1507
1091 4668
2284 4676
2950 509
816 4834
3567 915
5380 6645
6149 3213
1936 743
3810 7520
3934 2538
1537 6621
5286 2834
6617 622
6598 3184
3358 6135
4321 7990
361 2709
4964 8085
2087 6736
6123 32
3681 2866
1885 6601
731 4297
5565 7256
2778 2990
4142 7343
4653 5234
1812 5447
8174 7462
6134 776
701 7229
5249 7445
3819 1824
6289 3358
4337 4337
4744 962
6788 269
6980 2843
2529 3345
4133 198
5642 6046
2780 3848
1605 4667
7674 7850
1983 1196
2449 7638
5732 4981
1462 3083
4162 2279
3350 7715
1076 5041
2467 4297
1292 5620
3780 1187
4862 1062
5591 5066
3380 39
6306 3825
2564 230
35 7905
915 981
6627 2787
6768 4291
2069 6890
3334 3820
3939 5016
1718 5881
329 6257
5690 1932
3215 3093
4372 1209
3111 6626
4896 2768
5449 292
1102 2463
2782 5243
2092 895
7115 7880
4310 4101
1794 6205
7689 6864
6523 6125
3322 6522
2228 81
8128 4939
5565 5998
4092 7109
5841 1981
7207 8158
937 5838
7122 4307
2879 5407
4793 2741
2285 7990
7893 3717
3032 2165
2285 6953
7753 6308
3795 7195
466 6331
1446 5526
2826 8188
7373 3153
6807 7164
2382 1199
2372 2149
8131 2984
4084 5667
6842 1339
2288 3708
2972 1389
5988 947
4992 23
2171 2618
7861 2968
166 6012
956 442
5204 6154
1586 1135
2724 4669
1582 11
7945 5504
6967 7207
4295 3109
8015 158
2827 569
1564 1938
867 7323
4108 1339
5235 7534
4283 7485
2441 7996
2805 4530
1986 66
6935 3918
6625 2373
1236 5446
289 1808
4595 589
4059 6051
3346 6771
5641 5618
6830 3537
6670 3717
7226 6662
2095 2352
229 6582
3314 1629
6832 870
6813 805
4763 5681
473 1054
1975 3868
6920 7638
7419 2251
552 5932
1688 3726
7134 6197
6235 4068
144 4889
7878 812
4040 8074
4975 926
6551 6849
7245 5309
6297 1995
6566 3663
1765 3989
5350 4857
200 4825
908 4685
7634 6833
1619 5011
6807 65
8032 6496
3349 4257
