550
13196
3457
5292
8969
15585
1268
10829
7485
4274
6494
4131
5355
3950
11966
12990
11251
5513
7404
2646
11805
14382
14865
14489
5118
12791
4808
14954
3381
13429
11753
12356
2870
6401
9864
15216
14579
12832
6484
13168
4532
2302
7930
5877
13006
2142
2331
9737
15311
9676
14965
4700
6375
15735
886
7507
3830
4817
6816
10157
4009
32
11671
3547
1600
3994
4260
11061
12370
5473
4779
14130
9497
8530
8360
972
10287
2442
10791
9339
6243
15869
12753
12721
1305
8025
12222
8497
15721
12004
16359
10015
8661
13954
15174
9548
14431
7217
13171
1000
3587
1876
10734
8679
6188
7456
6047
1194
15350
14029
4965
14343
9851
14008
2653
12172
2396
7771
5377
1165
7290
3392
6562
12380
12512
5841
15798
9024
73
16215
790
15587
7285
14438
6496
13982
2521
6189
16372
3895
12659
14933
2745
1437
10844
15120
7872
7333
4146
7240
14927
4044
4747
7226
14310
7609
14618
7355
3243
4468
6980
1141
15742
14834
1486
1173
9641
13906
13986
14601
13865
806
12043
16039
11479
7370
12565
1622
15715
5193
4971
8578
11480
5390
2407
663
4360
8182
9371
1053
5381
11659
8167
10602
14018
10764
13832
9534
7670
9223
8131
1050
6824
14605
7627
14530
5648
11157
8099
141
2788
15565
11731
6695
3267
4021
14977
15691
2858
13773
68
720
15188
10817
1631
2774
13290
14879
12242
16362
6435
3874
8298
1627
1617
12080
3174
12420
4491
8741
670
16106
3487
14459
13658
614
1916
9904
13371
2136
9530
7916
1893
14948
4640
3069
5510
4023
7158
15997
1834
11070
2553
9949
2930
1233
10971
5813
13494
7776
9094
14849
859
14358
9269
1195
4211
15342
14128
2022
772
2988
6914
15390
374
11188
9074
1577
14552
16059
4295
16072
5024
15165
95
11075
324
6083
6694
12674
11338
12978
9939
1703
14174
387
10739
5094
4126
1372
13693
11263
2418
13464
6434
8350
12048
8807
251
15310
11428
11691
3043
5433
14632
2736
2772
1758
3509
8083
16152
12214
5726
10132
14371
5076
231
14471
8574
11461
7865
5478
11133
3955
5142
15180
4878
10108
4027
8644
76
9889
8285
2737
6951
9384
9408
149
7171
12232
9567
2091
3855
3609
16178
1285
4057
10211
11605
15181
13565
9967
13618
12182
13027
1295
11256
7838
6113
4205
4216
1476
3923
5350
496
14493
6276
12671
12155
12064
2206
4273
10804
5804
9302
12106
12630
15892
4031
5003
15848
7367
13160
4929
6561
4816
7066
15094
11681
730
13296
13983
6232
13380
9835
13918
4847
8554
204
15534
8235
5530
13382
12055
10796
13650
4980
9937
1172
13834
15240
9003
5660
4407
2729
1670
10544
10121
7012
7551
471
6251
10652
12253
11878
885
8923
6340
1361
8345
12742
13774
13949
1817
408
8617
4660
45
11511
16340
8808
10218
7514
13751
8707
6806
7899
9112
14649
6815
3652
8875
5066
11319
4186
9237
14303
3294
12587
1070
2028
15241
14515
14951
6882
10640
6883
12278
51
15564
8148
11005
2404
13460
6667
11182
174
11036
2693
15898
6805
12884
5380
12409
5735
2877
6747
6603
11874
1428
16328
8900
8126
4355
1045
13423
3233
15904
8551
7112
2500
1089
10669
9134
8759
14925
6135
6025
10520
14906
6886
10151
4322
14183
5373
4887
9053
14501
6411
5802
9085
11863
9863
12099
6817
9163
9319
3437
6782
12116
2854
258
2696
8710
6691
1334
3964
7008
858
4328
14337
3190
16113
2871
8118
8089
3382
7464
2026
11956
2980
1463
10637
12875
13079
9811
11643
5879
2455
2249
6924
4697
10982
7870
83
13440
10694
2535
12926
4763
11742
13115
1546
4975
4584
2078
5538
8216
9854
2613
9049
14929
14992
7512
15160
12095
12023
1816
12293
16065
6723
2878
11555
8092
13980
8499
3064
8064
7538
2096
13001
11765
5518
2010
12867
10486
1639
10945
7057
7996
6205
9545
13568
9400
551
4792
369
6612
16381
14919
1667
13977
14824
9194
8252
5731
15819
4193
15950
13900
7384
14488
12040
15325
8598
10077
15384
7141
10185
8859
8065
3640
8463
14522
11096
13830
3352
3311
14160
4855
8125
5412
9726
15472
4730
4896
15801
12252
13682
15668
8689
13291
14276
13302
1061
4984
12995
12551
2756
6292
12154
15145
13401
8185
5541
2552
7750
3463
11827
14418
4656
12133
9304
8802
2105
7120
6413
14327
5430
5708
3843
5462
4499
4613
10612
9482
9096
6265
15977
2798
6476
1391
3585
6417
12857
2480
15779
5899
4156
12699
216
1792
11515
13087
3489
6356
7613
10239
298
10087
9095
13609
10601
13104
3218
13944
8116
11244
11696
4427
4836
14827
14804
10478
3739
13646
9189
3292
15658
8884
8850
5710
4134
15499
2668
7421
3760
12077
8656
13763
2280
3264
10331
12338
14768
9473
8410
1388
2454
5205
5102
8408
16333
14835
2161
7204
10349
3757
4594
11538
15958
7926
8256
4956
8121
15923
8835
1170
13520
6990
10954
255
7383
15260
7212
4762
5017
166
12206
9204
6698
10256
8672
6802
11747
13591
1018
15212
4314
1945
11026
12912
14543
6945
7963
2861
3516
16231
9018
13469
6440
9656
10903
2919
4442
5848
7321
12036
4545
9173
7314
6693
13347
14204
14103
6586
1234
7085
5296
229
5684
3465
15545
13524
12625
4574
9510
4192
7735
9517
41
11852
6080
9257
15213
2076
7455
12954
1529
7465
14004
15291
3285
7518
7371
14152
4957
15227
8395
7935
10179
1457
7863
5554
9702
4012
7044
10031
3404
14013
6628
11749
9582
9370
7586
9349
4938
12158
6915
8992
592
9816
3281
1728
6387
8480
8949
10935
4775
833
2528
9941
5171
15495
4709
12568
1263
13100
10969
4148
10678
11834
7174
15288
4526
7587
8666
11702
11646
8453
15913
1767
15497
13896
12140
7423
11328
13284
10213
13443
11348
12763
6955
4121
2285
1979
13449
1688
385
1056
15374
2043
637
8775
11457
9526
7692
15852
6962
5500
13439
7677
8016
347
8027
3580
2203
628
12164
8289
7852
3094
13702
6758
6258
16371
6050
9565
10531
15301
10689
2130
2319
3540
7809
7348
16329
13661
12789
11828
8796
2318
13046
360
971
13654
13322
15527
1790
15168
2924
1932
3496
14070
8275
4345
5028
7328
12368
2327
9044
748
256
13029
4207
13710
785
8084
865
14260
2314
15537
4213
11902
2970
10014
625
8670
8934
15746
12916
8386
12219
13750
1769
12750
25
6333
16264
11759
5712
4377
7782
8881
12317
8189
2394
4173
13137
15131
3367
5678
1502
13367
13412
4204
3947
473
530
16230
6020
3617
13327
8401
6954
2630
12439
12510
3425
8823
3814
13869
12963
6426
4041
6866
8706
12144
5509
7882
16233
10949
536
7413
7971
15843
6740
4172
4704
1762
13856
8495
13569
313
11801
6341
254
5661
11297
3854
16099
6977
6304
1111
13183
16273
14355
6136
11912
5759
14016
4600
14892
4309
11410
48
14140
5903
10961
16345
13277
3138
4767
11322
7298
475
13981
2936
6016
4570
5782
1380
10415
11942
6911
13338
7915
11986
12684
10288
12617
12815
14404
7634
3898
8228
15671
4268
15644
8968
13597
10372
13701
2122
9998
15859
6014
15995
11668
6289
9078
9367
15224
14009
8743
1525
10529
10985
13378
8634
11231
2110
12937
10603
5369
11799
13825
6639
8266
12900
4485
13276
3295
15994
8032
13075
15728
13996
1915
13194
14998
11275
4071
2769
9352
13973
9673
3501
3577
15937
383
5997
9742
9279
11267
5622
6888
13812
14412
4138
6709
9685
8077
1490
9793
764
373
480
3354
1115
2707
10864
5983
13127
819
11500
14135
14659
6965
4805
801
15170
11271
4534
2497
8370
15696
3207
8199
1542
2042
11134
7615
3517
10626
8882
13804
2312
15107
7306
268
14623
2170
15281
10671
4787
5699
6425
7498
7607
13141
12149
15803
11223
12566
5655
6554
16167
8198
16116
4565
10736
16046
11343
13926
16374
700
6754
9299
13667
13641
4888
6573
12717
12012
2780
9241
14299
3689
4203
9623
7185
3996
11198
14780
10021
10893
2728
14349
15280
7657
3058
13189
5668
11965
7593
15625
13358
1982
1662
15788
13447
6735
10466
3083
13502
6246
11185
2111
777
13543
6583
4591
14039
474
9256
11933
3707
15333
4572
2124
9040
12895
9764
4005
4462
9478
12093
13549
14730
7422
8524
9989
11925
1907
8899
12998
5397
15192
14580
15612
12620
1363
5545
658
13274
10706
1819
6332
11952
339
6455
1797
1167
6575
14061
22
11233
2588
5353
9821
6910
12953
9144
12238
13615
12851
7600
1685
10358
12538
13379
4696
4079
9589
9180
12196
12901
4482
979
1464
4592
525
15656
11371
10958
1726
15770
2446
15804
8308
9571
8492
14020
12606
16122
7798
13197
14774
7612
15953
4894
3556
7813
16225
14435
9757
1909
5755
15993
12984
10170
6616
3154
14822
1574
14748
6942
2801
15875
15422
12786
15328
1313
5651
15740
16067
13753
3476
15089
3329
1425
11666
3274
3409
716
2582
3172
6692
14503
11216
7993
16364
12111
10886
14307
6655
4128
5846
6329
13940
15479
3419
689
2352
6839
5996
7717
12387
6501
2721
7248
13481
7664
8977
2131
2463
11414
4803
13506
9423
5611
7794
3288
10006
5498
5328
5146
2006
10643
13036
8918
9415
7038
10283
5892
13350
11850
7019
11546
10976
5689
14616
5970
13798
15239
244
9160
10357
11793
10750
11817
11950
13077
5765
16084
7723
2932
11572
3026
403
7754
11832
10845
4221
4928
3236
14461
13372
7180
4235
12701
2566
11545
27
7659
10604
1479
10547
11928
16295
12612
11323
2939
1836
12275
7908
2429
163
1857
2187
6506
11310
424
10122
3155
9775
4539
15886
1419
9391
10743
10617
14920
3376
3651
1455
11837
3891
15482
13858
8196
1531
2742
9187
9646
10366
3104
4317
6659
6985
12283
14030
12847
11558
11707
184
8250
4556
14908
495
1397
11018
1149
14569
9713
6255
3646
16335
3826
1243
6244
11296
16243
13208
13241
639
7350
11613
662
8889
8570
5561
2447
540
6579
15200
4768
14989
13780
622
616
11085
14313
7331
15840
10094
11809
3128
15338
7694
2515
10417
3364
4470
12365
2176
901
9945
12880
8751
13894
212
11051
5295
10091
7647
3238
8950
10250
10139
4408
3758
9450
10916
12137
15887
16228
4665
1526
5125
5557
12125
6712
6364
12768
9803
14258
4691
306
13492
7133
5348
12034
482
4638
6507
8575
3033
8749
325
4496
10116
3697
3537
3721
12767
2213
3368
1171
3198
917
3543
9330
8504
14458
11475
1754
5290
4320
72
4441
1558
2462
10700
12925
3588
7017
6585
12722
11525
2065
10045
2164
10808
1395
168
1247
15007
1742
3052
12473
5313
11781
6637
9252
7529
1701
9633
10948
2532
15287
9369
9591
288
9805
6023
9449
6144
1060
8545
1168
15754
10248
14514
12700
13026
10119
11164
11451
10011
14597
1506
10723
5556
9457
6611
16208
1966
9943
7964
12760
4509
15711
3186
3424
6860
10892
4683
11044
12813
6236
6592
11123
13870
12355
10629
15162
7388
4619
14353
293
7069
5097
544
16245
1806
12053
15720
14819
10585
5399
8606
11090
7846
15841
8491
9226
9770
12507
428
3126
10721
13270
8913
11822
1079
964
2606
7956
12632
4622
15443
14314
3914
9895
3833
8094
12578
6280
4651
14391
4880
225
4247
9886
9675
10451
12614
10408
2732
13388
11575
15320
11505
14348
9111
6472
13099
11072
14441
6409
10177
16009
3562
7822
210
5799
6605
967
13156
9433
669
13930
5158
9228
12657
6322
3391
15701
13881
7468
11895
4690
7154
8548
15762
10516
1764
1350
2224
15454
1994
6391
13318
9925
5918
2805
11340
15601
2348
3752
14907
641
9647
2037
2883
9719
1963
5571
6890
8110
980
13644
1614
10219
3182
3362
8519
3849
7242
13573
11433
14663
9575
10146
8291
7665
15223
4220
11507
13019
13356
12026
15294
7055
16229
483
13151
16064
7720
4075
14199
3470
12056
1593
6971
15909
6290
761
10517
2181
4466
8005
13468
1003
13739
7419
7811
418
16354
1985
2918
15807
3166
11373
14305
8929
4141
14974
2708
13138
15048
6469
7737
15382
8930
6765
84
4402
10062
14610
11920
12647
2591
5889
12258
15849
13695
12797
135
7482
7194
10093
5092
13215
4612
16027
9060
2013
4997
7740
3733
3764
3748
16026
7480
10233
7537
9585
10675
2027
7849
6813
6804
4133
6578
88
7149
3644
15968
3
9244
10203
9212
6443
16368
10079
3867
12539
13531
8745
13122
15727
5905
8056
7276
4625
1779
14957
2987
4101
15577
9999
10659
6756
16270
8660
12175
3331
11954
8484
9586
8736
13364
8381
4829
4922
13386
14967
4749
328
815
12311
7011
14296
13195
16117
1197
15500
8627
3551
1468
5558
9610
8129
12712
3212
13428
6161
9507
11649
7931
10533
13610
13861
13381
5491
5117
7073
1544
7310
7998
13624
15345
3716
10078
12560
9541
4022
13536
115
7359
9466
15899
14541
15951
3093
12602
8619
8024
9826
1103
13218
5426
2602
10733
6684
14588
1330
15292
9537
5677
12988
7519
3755
9062
128
4586
10987
3124
4432
1977
15914
9150
13828
15938
15233
2676
11679
7965
11620
1498
9326
12891
2579
5225
10236
2822
15447
1756
10271
4517
4785
9935
8544
2051
2294
7411
5895
15289
11334
8925
1378
3410
370
6338
6746
14047
14612
9908
15085
3398
14883
10387
1485
2293
11367
5809
2474
7381
11210
4066
2797
506
7501
5702
14710
14692
16023
11468
1178
4812
4720
5908
8293
3048
7654
13424
14720
8071
6299
5477
3070
15455
844
3713
8658
8629
8002
3820
5026
12025
11651
2730
2261
12820
4508
15398
7223
16263
4941
8211
13158
10449
13967
9154
5338
11773
5780
12784
13173
11135
5995
3872
11552
6094
10432
5812
4349
3211
11249
3841
10090
10731
11591
11787
4073
14718
314
2962
15536
12803
2688
5764
6788
3527
7230
16131
265
8669
8589
3357
1785
11784
2134
4447
14357
13679
2776
10232
15809
15285
3328
311
12173
4362
12190
10127
15627
3912
12896
8169
11946
1673
11345
3226
8336
6760
892
8892
9103
2670
4319
9964
3148
2387
1412
7037
5693
8384
1956
8055
5418
3523
9634
10749
5046
3170
2133
8753
5436
6621
4590
5606
4864
8909
13558
3601
787
10453
14882
11356
8488
10857
8917
1076
3320
3060
1327
8332
7812
2151
812
7793
6337
15128
13266
5122
11301
8362
4561
8593
5044
7630
15387
2666
295
7447
2220
8433
13413
13879
1439
1164
14916
8864
8242
10259
9199
4046
15524
2405
3277
10953
12323
4255
9389
15322
14633
4440
6807
9938
6010
4181
7452
585
8601
6663
5649
16005
8276
3324
5669
752
4966
7875
11202
59
14335
3566
4871
4034
12289
61
10189
14656
8984
1114
2785
14463
826
13947
13064
15354
722
5629
1943
12364
9152
10194
10761
6638
10853
16255
6097
5018
5149
1007
3306
7603
15445
9659
5315
9081
2173
7968
12468
754
1653
14866
6570
13491
7562
12619
7961
13139
2986
2093
13945
5754
1416
15998
6646
11452
11736
14111
1260
10075
12240
11672
6519
16276
5198
5077
13392
3206
1735
1537
9824
13781
5069
3977
7225
9234
14512
704
9728
8763
11656
14468
13699
4054
16058
12845
11862
10371
2674
8531
7676
2081
2820
4311
4194
5519
15269
12870
3092
16047
11239
2018
5870
13328
8265
6952
14928
7250
7828
11662
10874
16330
7646
6044
10746
2020
15561
3875
5543
10589
621
3905
2624
15279
1967
3620
9654
907
11073
5508
3731
10419
7731
15470
2752
11365
906
6459
7409
15966
14176
1983
817
14336
275
2328
2239
5715
15262
3353
9810
13212
8130
3899
11640
10527
9404
3904
2112
3009
377
946
388
6607
2250
11685
11058
13136
2823
8879
6739
15836
2054
1042
7166
9107
4873
3809
11449
7068
3091
12163
15855
6933
14988
1828
1297
12028
8611
8209
5480
2547
8239
11752
13575
3578
16283
1949
9846
6662
2773
1298
40
14777
15383
7896
10296
6599
10007
11321
3590
242
6377
2766
9568
3834
8277
15297
2635
14759
3672
1752
16095
9765
7884
6550
2775
13145
11682
7684
10348
1462
13393
3791
366
13385
4184
6593
3518
13105
3022
6845
10495
657
2126
12049
4503
2486
15731
9200
9102
8511
9522
3499
4930
14120
14345
3623
4011
10778
3671
13084
5148
9307
6581
7614
15316
2792
11580
11033
927
13101
12774
9376
2053
11039
6619
7861
4587
6842
10131
16279
2663
5875
2191
3355
15780
6572
2981
7602
5138
12060
6624
15792
14740
11459
2762
8320
13764
10110
11983
9476
6529
4742
15002
6536
15299
13783
14681
744
3941
601
2522
13121
6675
10781
11960
4978
15634
252
10627
4826
4507
7418
3961
455
15662
5475
10991
15716
12974
8564
10095
4335
5157
3985
3159
8824
1135
257
14102
3158
7275
811
4087
10863
4818
9028
7302
12216
12027
12114
13586
13228
8932
7125
15202
11687
1108
12038
4136
12184
6690
193
1015
12824
5344
181
3378
13745
13724
7938
13245
14263
5515
15771
8419
15796
12477
16305
5400
3393
584
12971
11701
8777
3300
9035
8970
8982
4445
15857
10447
8657
6608
4753
1697
13114
4663
98
12708
5417
11543
10382
11726
6518
12320
1072
1844
14590
541
379
13934
8052
478
9969
9914
10026
10539
12492
3614
15693
8416
8916
10477
10745
14190
6117
11839
13599
8041
2179
12414
6314
854
11633
13015
5137
7766
13703
71
14629
1009
6879
3513
8944
2751
8941
9249
15732
16265
4035
4368
2724
3114
11824
11972
14386
145
14876
11097
1676
509
1004
12070
12276
14042
10978
2248
13235
2701
10193
4530
10725
981
9480
16288
2947
8394
12918
7588
75
586
12553
1749
548
4229
310
1488
4795
5957
8187
11502
5165
1555
4231
11246
15379
870
7048
9320
1300
160
8686
10370
8747
5638
5604
3858
5801
14434
2350
14383
13051
8961
7907
12866
14212
6048
7980
1257
5958
167
7663
5286
12281
9077
996
8087
12324
10168
8579
1133
398
11156
5297
16250
16123
3431
6713
11568
3596
6617
4036
11352
9705
2818
11019
7557
5506
7151
9572
14275
5603
2274
15039
15562
7391
2254
3204
4644
14002
6828
12920
1207
10206
1598
12718
12486
5064
9225
9267
8868
3257
1885
5623
5213
2793
9108
6190
947
11494
13867
638
332
11848
12643
3460
1968
15251
8346
2145
2116
7216
15889
14178
6564
14884
725
9511
8225
8793
333
9828
719
977
11953
448
8553
9535
11000
6717
8286
10444
1185
1908
8188
7895
2543
15767
6528
3901
14284
10107
12330
7091
2492
9758
9716
5133
15878
6300
5483
3315
615
6660
1965
1132
3369
11150
7227
1691
6441
1436
847
693
10714
8292
11425
4548
10286
10130
5334
5537
7760
13829
9878
8506
7840
10947
12159
9498
10352
7564
6759
12506
6857
9903
5323
10698
4008
7416
11577
10033
13939
1794
7491
1367
15523
343
3846
2148
16195
2754
9280
11152
14046
1995
5309
12371
5080
3122
11143
13299
3268
6326
12809
2364
6627
2400
3837
5950
7913
893
6648
6366
13204
9368
831
6307
2375
2178
4776
6235
419
7024
15598
11961
5763
15043
1706
7152
13420
2390
4559
12354
11636
9020
8047
6563
3992
6075
3286
9631
11368
4758
14798
4811
3693
5126
10364
7888
1904
2860
9678
4875
11981
15659
993
5415
4501
904
3260
5454
13698
10508
208
3386
13134
10281
10661
5716
6992
9804
2562
736
7084
13236
10848
1384
10783
8616
10036
7287
15462
9701
7093
10937
6046
1540
14168
10596
9669
8910
14509
5577
8132
10684
5952
2204
4137
11523
12999
1404
4865
6935
4165
16347
10793
3595
2620
7294
2731
11021
12762
309
1281
8403
11162
11563
968
9098
4593
6707
12045
5476
10622
7127
6017
2828
13479
7135
3981
2759
5335
12836
4307
4962
9250
9544
11582
7410
5582
6095
8956
8694
12146
10244
13933
262
399
16050
8639
14885
10328
13321
636
14466
8766
9661
5387
7081
8411
12346
4286
8704
1216
8863
11221
13833
8142
4143
10209
2449
15441
1414
11813
13144
11
3667
10245
9954
11409
10275
2559
15334
5635
7977
12298
12406
15521
14076
9448
1642
7536
13681
13998
15964
11517
11973
5447
4961
3144
2427
11208
2695
13722
10053
4397
6339
3804
8156
7340
466
4191
13831
14277
1677
8663
6400
9022
7932
8436
4525
600
10307
3248
4103
3480
12778
7449
11110
9283
11906
3259
13149
12842
1633
7054
558
9294
5368
10192
10649
9058
9966
8801
6072
12231
1944
15533
9227
753
15115
13731
14708
6420
1920
15777
8804
6767
9812
2506
8904
8836
9696
9538
10766
8309
11099
5707
10875
10301
3774
15750
5619
14401
711
13612
1796
1864
1674
278
7510
11530
985
8207
3767
8253
5534
6835
14177
4949
3919
5904
9455
9281
12544
5917
6271
555
15614
994
3427
3725
577
14963
14437
2227
7941
6096
2414
11324
6481
9464
12545
10775
6331
6810
13174
2296
14321
2481
15881
12965
8815
2786
7362
13398
11311
12586
7936
14707
2554
4313
11377
2192
15708
4596
7769
13697
6674
1854
6212
5547
14407
9155
6038
15244
5239
13008
7134
5361
9784
2830
12021
13757
19
4342
361
9193
1151
14231
5087
8991
9930
11675
8357
2351
5529
15921
11573
2993
6416
7424
791
7448
5871
7104
2896
7727
2593
6160
9632
4078
12805
6087
3946
7643
4987
4549
7947
8314
724
10559
2033
1271
11755
6447
13133
1085
779
9653
9248
4677
2811
11496
12316
1936
1579
13496
4424
6535
7207
3766
6201
3790
176
13816
14732
4610
8755
4400
13018
2842
4901
3010
14450
14175
13819
14596
6601
3131
9516
6652
12392
4269
11224
14079
4752
6677
14717
10843
7178
15435
7790
4571
1277
2885
15551
10003
8535
7834
3844
7102
6208
16002
8264
13758
14035
11962
8675
8837
16134
3783
6526
13818
741
7765
10086
8029
3625
15256
2291
4950
1838
13511
10145
4428
15925
3375
14691
12649
5824
4712
4599
961
15264
3066
6405
11370
62
5404
3628
10261
6372
2626
7495
12123
12775
9894
14558
843
13244
1934
5034
15530
1833
10608
4774
10169
2819
14498
16098
12549
14292
2886
5933
13904
9205
2376
492
14157
3742
16346
4838
15352
7532
16148
2533
2132
6200
962
908
15992
13766
1483
9657
5794
3515
1700
12523
10180
5709
13143
16133
11711
266
7989
9167
2649
5646
9165
5181
7246
5396
5785
14064
12634
8378
7732
4655
12697
14930
653
8279
1903
7307
2914
3931
1588
436
10980
8330
5188
8053
11967
3106
3532
6831
3034
2113
8145
2718
2995
1023
3940
9520
39
4061
9031
4308
2558
3019
15664
3541
10034
4736
16227
1831
10023
10293
6836
8162
6220
10537
8816
13353
15844
3576
4746
2923
4002
1409
9624
1035
7543
1678
14499
7671
15222
13070
12181
14812
4804
55
350
4140
12782
5850
12686
13970
14090
14051
7124
3815
12509
12160
2138
9722
6940
15879
10300
2382
1398
2064
2546
12270
12529
11092
3852
4459
3412
427
2058
966
6324
10728
2574
6466
3265
8415
14075
3439
9439
10484
10289
2529
13307
15733
12675
2944
12334
14506
4095
3263
2452
934
7192
2062
983
1392
16038
8261
8983
12310
9580
5559
10049
10310
3123
5776
4661
5394
4074
2779
5925
11484
1065
1101
7110
1867
2836
9958
5375
15876
1320
11008
13559
9361
5252
7678
16317
9921
5616
14010
7900
6268
6489
13076
4598
15924
12668
9289
4276
13789
5639
10648
15304
16171
560
4337
2978
11860
12706
3105
31
11442
7457
8740
10063
4806
14932
3056
872
6357
6229
14698
9512
7378
2473
6170
13887
11355
5029
3345
5742
14040
13788
14585
4538
11559
4842
13737
7505
7114
742
9079
15395
14048
8152
12084
4042
7881
14805
1393
3112
123
10401
4743
647
4646
16088
11095
3888
15242
15743
3565
169
9242
9876
1211
15570
7830
1433
11808
8019
4376
4484
2258
8840
199
1153
9609
4729
6801
9635
2876
4435
6719
13902
4284
9082
7709
16161
11145
9772
13271
8615
2916
4318
15235
11990
7734
6358
7869
13430
12513
6315
6653
6225
2163
14232
13885
3280
9681
7385
1976
6147
11815
3812
15657
7398
10416
2125
7573
14244
6199
1001
8274
14875
1218
15806
5202
6673
10454
9873
9271
15190
6066
10263
4338
4908
751
7060
1279
3987
3270
6812
7047
12667
178
3695
8140
3853
12930
8986
5174
13601
8541
2150
3618
12299
287
10615
7923
7596
12082
10480
4113
139
1912
13984
3163
995
11101
10055
5009
2411
409
5528
4154
11230
1789
15095
8113
12255
8233
7893
11890
2689
14165
9290
1760
6446
1940
171
14249
7780
9515
5662
2098
14735
8667
6042
9485
14400
7009
8718
8637
11112
5440
11861
10499
9547
14393
11522
13516
7241
9789
15176
12177
14446
14561
9090
11539
5317
7990
14508
3995
3255
9715
4135
630
13399
11947
3446
12224
6568
15211
15981
1846
12968
211
8855
15483
16115
5276
4504
3065
14221
5289
6295
4828
15112
8921
14389
9038
9006
6822
1841
15885
1646
7821
9216
12290
6797
6994
15343
1616
9202
16331
13240
9916
15520
3051
15344
2300
7176
8525
9576
10797
6488
2950
1611
8325
1668
14226
10631
12724
16336
10784
7271
11357
12413
14306
4492
4262
3059
1644
14639
8681
6305
2197
11877
6881
7960
10068
11421
11910
6928
1651
5520
13919
14427
14328
5243
9286
13154
1733
15065
14071
955
15956
3396
1347
7372
15963
11778
15850
3110
8425
6508
4992
7591
5882
14072
15030
11856
8153
1117
12129
6705
2619
13103
10176
12850
16185
12933
6847
5402
15203
6606
6626
7108
21
5690
4688
12946
7831
3630
11683
8232
5614
531
11087
10427
33
4410
3808
8400
12189
652
16306
7773
10663
12935
13351
11091
6281
9030
9501
5527
12195
8402
978
4162
6682
13229
4793
1487
7921
11462
157
12804
928
8789
11991
16107
12239
13484
11775
7567
3407
5718
4006
13417
6880
8690
15259
11272
6021
4879
15851
4476
6699
9324
2340
14139
8818
14068
582
1595
11840
9792
8664
6219
14114
10866
4417
1253
11242
1319
14104
2690
11389
15901
13074
3395
120
13851
13348
1686
6995
10914
3011
8773
6410
8812
7142
12291
10974
4772
12274
12340
732
14215
733
10943
5351
14637
15036
2242
8939
14411
5685
1497
1556
2272
4084
8482
14402
7873
9406
3055
8481
13548
16055
5546
8585
533
410
6934
4132
1522
5644
9418
7768
1923
7976
12597
13786
9416
4529
1884
14536
11327
15620
11228
3842
14566
9001
16042
1265
14695
14956
13907
1221
12213
12811
13665
11503
12583
8701
7394
13859
5730
3200
1649
1044
5854
16310
11557
1385
7273
5065
14417
9033
4056
8496
1657
14706
5815
7224
10877
12336
8997
9587
912
9552
15681
10125
10965
7594
104
1139
5352
11729
14524
11146
8727
13366
9559
8692
12029
2397
12326
11325
14477
12373
15376
10763
1169
11705
6538
9002
2007
5805
10082
7533
12264
13132
1230
8697
14055
2610
2210
9791
2933
2021
4222
6282
12410
3335
2311
12948
15478
3612
7917
6053
11826
4111
4903
4331
14909
13221
13768
14415
13454
2363
1067
11833
13311
9403
35
11434
3406
8746
9071
5072
11486
15295
8931
8572
4810
710
7696
3249
15576
11063
12135
4713
2917
13501
11501
10792
9469
14350
4848
13493
574
14894
654
2389
14234
14577
12471
2807
7611
12621
4089
14918
16087
14915
8655
46
8871
11556
16323
14201
1604
11243
13163
15960
3627
6900
695
9429
5701
15392
5700
1868
5753
11402
6700
2654
3017
1601
1026
10380
10038
10272
14262
12162
1020
2840
5002
3762
5304
10491
2378
10421
14486
6371
16017
2109
6803
7862
5106
4905
5991
3299
316
5675
1626
3570
13775
3754
13041
7695
755
5357
1083
2270
9604
16020
10846
14141
731
8282
8795
8483
11957
14855
10496
14373
8819
11045
15013
4414
29
3615
1093
3244
8597
13459
12860
8758
1349
4702
6123
15431
205
6233
4942
4844
14274
14211
8337
12869
11241
7939
5587
12233
6725
814
5849
9438
14937
7974
13432
6947
11189
15296
7366
16181
484
10147
10587
11730
12105
7951
2088
7535
15939
3745
8586
12088
14922
2209
9063
14024
5388
2596
10548
5583
10807
2826
13895
1640
12958
9693
5734
4518
10351
14216
13231
12150
12211
10639
687
12090
14851
7028
7808
4521
2494
8647
685
4348
3339
3179
6918
3655
10360
7111
11440
15347
15361
3963
4153
10512
5862
9332
1006
11227
16136
6465
2256
5883
10967
16274
6989
4026
13604
10695
7987
330
15017
6004
3939
1554
6227
15816
6956
15805
951
10028
11847
6515
15357
12698
6408
15351
12044
10362
3788
10847
8628
7650
7693
4723
1510
7970
10299
5169
15164
3217
8922
11375
8723
6468
527
15399
5733
6035
6848
3088
6451
10607
12516
5806
6671
9578
8445
2716
12848
12483
14473
6131
5913
13320
13715
8555
14976
2079
1104
5922
2509
8062
6173
10891
8455
7728
14311
11789
6852
155
3933
15253
8803
4495
13042
11258
8177
79
6681
372
13243
13657
5791
7092
2638
12124
2865
15015
10008
3954
16224
9542
3732
590
11102
9569
12919
7942
12515
131
5555
10112
5793
10274
9583
15690
3817
3589
11359
11569
301
10384
7559
7683
434
13713
5424
5838
3738
8952
6177
4067
2921
10313
15076
15700
5766
12598
1820
5670
14003
2537
6473
11004
13714
9926
9036
2299
9424
12498
16189
2904
650
4127
5674
7232
8358
8318
12923
1373
10810
7245
15047
16358
9528
16299
701
11025
13579
14982
3974
18
11866
13448
16179
9837
1516
9219
1740
8180
5549
6706
6059
6898
12075
9755
2625
3892
6525
14360
13086
9514
7106
10434
1032
3928
6159
6032
138
393
880
14271
11460
13107
8244
13442
2692
11307
7115
1722
13227
6784
13445
6762
5865
3794
4018
13555
7221
9366
13176
1861
13272
11167
5596
9147
8493
1238
11495
3694
13056
8846
690
8703
6547
13638
13671
5216
5215
2723
7263
15069
2370
12117
8532
14295
5770
5214
10143
11175
7098
1714
2243
3956
8467
15588
6896
13526
2266
8605
10865
9177
12243
631
1880
12864
6716
13813
4915
1187
7043
10050
2796
5860
16238
8015
7425
13205
14309
2162
3598
7323
1112
10724
5037
889
1524
13694
8633
10430
9735
13102
624
3984
4155
8719
3194
3213
2412
7022
165
9936
15238
11624
12541
4520
728
11684
15928
12928
11524
109
13202
2478
11756
10231
2426
5266
762
10613
13078
12350
6576
112
13110
11768
3744
3282
8417
3230
13283
3654
2395
5257
14670
9820
14015
14544
11144
5123
214
3423
9620
5144
490
15444
2866
4305
12735
8841
12964
14931
11109
6983
12447
338
6312
2030
11979
7547
6750
12110
3649
7620
12089
15615
6267
15290
7752
11458
9901
6766
4981
7966
3980
15846
4017
5621
14869
8095
4921
2255
3338
11469
6365
2358
3687
2895
12889
7800
10025
5437
9105
5880
15278
5573
5160
6779
6492
11001
1474
4514
7392
1119
8316
6938
6026
3999
9756
10730
12970
11800
10102
6922
14788
13748
14117
4333
12041
10557
236
15726
3303
12198
4351
3771
884
15592
726
15556
3430
5020
5566
9900
4566
10957
8885
3633
7699
16220
6349
6180
8595
3366
9550
13126
9800
11588
11447
4682
14000
7581
4741
15631
15514
10485
12986
11315
7002
12849
9021
14755
13596
2607
3860
9704
14802
152
1615
12476
10556
15608
3344
8221
7898
5993
15150
12335
9196
12834
10711
15375
5642
15494
832
3136
4516
6511
2386
4494
9566
2968
14045
9113
3761
16298
2514
9695
6634
7866
10820
15897
5789
3597
1155
2892
10224
9597
11918
14163
5220
9445
4174
10697
9782
3449
3777
10534
15091
13080
13268
10396
406
15066
12141
10056
3231
4756
4372
12157
4145
15783
14952
8297
5162
775
3702
13903
8147
277
2969
4614
14062
8108
13044
1310
1618
14658
12876
7446
7170
10716
4353
11047
11303
7979
2023
12422
215
14028
323
9266
1980
13561
8066
12894
6321
1683
11308
4963
10329
14027
7315
15543
11795
8635
5808
15049
3554
5542
11397
6438
6715
14492
1981
11122
15302
7621
10353
7903
2856
14222
7805
6598
10798
9047
7146
1938
11520
5108
2847
11652
15348
694
4552
15378
3691
5811
4579
5692
15428
14154
11936
5163
12644
91
7576
3711
9965
8708
3969
9747
13899
2959
3552
10960
65
909
2998
9652
5209
416
5552
718
14057
8967
14213
6846
7784
15453
1663
1564
10799
4555
6162
7889
2539
7119
16119
5452
608
14936
599
13435
9220
4827
8720
1432
12478
15210
7511
13118
11252
2837
4946
2341
6726
3432
7360
1161
5121
8987
9109
7013
8074
6872
12854
2422
6741
2085
11540
14871
13915
8583
15689
14696
16144
14269
1636
10586
15480
16275
8104
2108
13950
12451
12807
14914
16163
12972
12419
7984
15366
3747
14635
723
13823
1329
9952
213
5979
7443
4232
2887
10737
5196
12059
6718
9222
13512
9133
10838
11094
8965
13090
4837
5721
8683
6239
14711
11846
11803
8901
2304
3450
6214
5237
15062
3337
11797
2283
7778
9436
4881
13377
14206
12527
8255
7933
5012
13822
7329
15117
5233
10405
8151
4100
3440
1964
8750
5691
4951
12341
793
7645
4112
14877
12975
8038
3167
2415
11639
2077
2466
16147
11592
1088
2185
4000
13030
16281
1381
6457
4648
14764
6460
5385
13252
10769
9707
10067
12087
6395
12913
2008
4659
3084
6502
2074
2963
10359
2060
10207
7633
4998
5829
7473
743
9795
9861
11408
11012
6298
998
4092
1359
12229
2909
14836
857
760
6523
15303
11387
13265
1323
11842
6418
9492
14005
3574
6414
1226
12148
9
910
12098
14374
7959
5281
7906
5853
1929
15492
11037
1921
1541
320
2853
7707
14568
10163
15945
11843
10059
5652
11597
1304
1514
673
10234
4512
9733
13249
7571
9607
7272
8849
5267
1417
1322
15490
10324
4215
9365
3227
9221
595
4093
12282
2841
3356
9955
15591
2577
13676
16324
13024
712
15063
10498
10160
4373
14148
1461
10699
5729
11470
7877
11985
6963
2230
3690
2268
12679
2356
4301
14878
13606
5120
5924
12180
13069
11544
2367
7484
8604
10320
11529
8734
11366
158
13225
12689
2189
14565
6193
5021
2469
2550
9754
9068
13852
1872
952
13580
2001
13433
7843
14572
11293
6920
5778
14012
4953
10963
12228
10888
11937
4403
2717
2107
2627
12037
358
5456
15389
13917
9000
913
9679
10614
2202
12814
1548
9721
13344
9176
866
9069
13325
9674
5584
1186
9602
1750
14023
1584
9182
10924
14672
11717
3435
15794
5932
14053
13082
10161
4666
5916
16277
6041
5084
10514
5743
11291
13063
12800
12533
5393
15452
5410
6198
2329
3160
2273
7461
10316
3572
5787
3722
2683
11578
10983
12339
11472
4446
8215
4629
10929
15411
1734
7762
1231
7357
452
11498
6702
10900
3479
10881
2538
5627
5539
1368
16082
14149
16234
12081
13616
13054
13369
4469
2218
15597
9982
13725
11098
10753
2622
13799
11062
6618
14726
15218
11700
13943
8558
11487
2284
4245
6192
5625
5264
12581
16209
16018
1270
15232
1402
13375
1905
8057
10030
15553
3998
11911
8562
13566
9123
4237
6109
799
8632
3275
4160
12130
7486
8172
15613
2632
11703
16296
10701
5503
2783
1809
3530
16350
10001
8494
6649
1716
7071
2128
2586
15217
15965
14811
6178
3089
1069
10085
12567
771
1823
16315
526
5994
16303
13677
1709
15185
9312
1307
5836
13368
16048
5659
14609
3045
12260
4157
8281
15557
13495
15110
2472
9962
4522
8287
9877
6347
10923
4754
13594
10835
11337
8510
2094
11388
6941
6157
5033
429
11305
3039
9910
3848
6950
14815
9729
16217
9630
4737
7988
7064
7270
12604
14022
14701
7924
5272
2090
14017
1878
2608
13735
15191
2308
10600
6984
13384
3611
1188
10821
12073
2307
16089
10303
1430
12331
12280
4705
14617
1954
1800
12519
8045
1970
1591
15617
3100
5227
6917
12562
3935
900
11802
6089
1553
14553
12436
14532
2056
13631
8645
433
5636
6641
3185
2292
940
9337
15075
4108
10688
11982
16294
11294
4577
8776
10314
10397
1441
1829
15665
1543
13749
6275
9797
5588
260
692
6703
1575
6284
16155
4943
3403
3130
3787
15695
1638
2511
2391
8127
1342
1280
5723
2935
887
7539
7036
15673
6891
13017
9292
7441
10404
14686
8960
10047
2153
12352
860
2711
13696
8044
2637
10220
10656
16063
4300
13203
12362
9293
12085
4714
686
15922
8528
8538
16049
2794
6092
5448
3763
4326
11780
9064
12683
6778
6510
15774
5560
1312
11284
13605
738
691
16153
9360
7330
14066
16180
9161
12266
12987
8838
4364
16287
2902
11570
6689
14502
11031
6794
9790
188
8726
13431
6266
2365
12812
16343
5140
15293
12401
8829
9452
14926
6948
5818
4955
12514
5817
11673
10833
6577
14682
2760
9922
15317
4761
14320
2048
6005
4536
315
7487
2748
4557
8832
11820
8468
14733
9825
8907
14113
7744
11811
6287
10680
7438
12097
13349
7850
2580
8231
4358
3162
2992
11783
7516
12719
11160
8739
8229
15824
11369
5057
524
2095
13473
13319
1821
12543
16282
6475
5320
12265
6513
12982
11240
4620
10598
15324
6002
15355
2648
6390
9462
8389
5419
4919
6167
2633
15359
9425
133
15607
6133
547
7876
15125
3536
122
7742
1121
14255
15895
9536
963
14789
8563
10564
11191
1422
5591
3492
6129
13744
5830
13185
11454
3416
12361
3415
7553
14581
6736
4457
16218
7390
3040
5464
3813
6078
15618
8214
5277
1807
14181
2940
6397
14953
5349
14214
7393
16258
4059
9138
6335
7123
14820
12156
3839
11050
5978
8438
7666
2567
4789
9475
10505
16143
9519
2584
9637
15393
529
3448
1427
1508
2967
7376
11265
6043
4664
4969
7475
13880
2211
4361
1692
14235
10912
5852
15856
6837
1176
5336
644
5109
6086
4910
5078
13635
5318
10262
5085
13611
4813
9072
2889
918
3341
10277
923
12469
15106
11714
4678
634
3514
7061
13362
2763
15991
4604
2656
20
10467
11488
13055
5632
11992
8685
12466
14248
13946
6946
10610
911
16190
12136
6809
3810
13993
6061
7268
4782
1495
4916
15955
8338
4206
9740
3916
4240
1843
14895
597
16121
2259
8315
7269
3511
7476
12388
8860
11792
15473
6792
13564
12192
7282
3205
10312
13346
12194
605
1225
14528
5980
7049
13674
14273
4991
9574
15464
3971
10506
80
10424
15187
13711
13474
6487
4105
8979
9441
10114
528
2507
8398
12580
15458
4983
15786
3911
13971
7758
778
6247
14507
1013
3096
7527
4175
6099
10713
2183
11082
861
11067
81
5495
12389
13827
2071
16380
7387
5032
5101
6003
8201
7292
3008
14542
12314
12319
4228
10998
5389
4693
7308
2679
4458
16174
13888
11419
4616
12467
7839
5458
7954
8226
11432
8665
13354
16377
13343
6609
6644
9116
12250
12019
12300
8355
1890
8288
8349
2196
10058
13659
9832
14863
235
302
919
9383
10946
5300
5737
125
3157
15684
1341
8526
14864
5926
10760
3645
970
1288
380
14494
4797
9157
4238
14025
9833
13705
10153
15986
2821
16076
8853
2193
12640
13570
16188
7206
6056
15282
10995
10563
13013
2809
1102
12670
10913
437
916
2953
14746
54
11363
7210
8039
13595
9159
248
11015
12429
16037
286
5728
4527
319
5521
4226
3452
2857
13260
14856
6645
7426
5305
2165
3709
7041
9638
10686
9454
137
11720
10013
6431
5750
1808
7020
10268
12910
581
1552
8781
8397
2265
1266
3975
6218
13854
14143
2698
11049
5974
1856
3886
14147
5511
15034
1073
5263
10017
1613
3290
4473
11790
458
5365
16319
1025
12530
12462
2101
7278
4882
8081
10519
7497
15632
9807
14583
13642
1656
7353
10988
14589
8513
5107
7986
8076
4259
8448
5686
14636
12169
2491
15415
7220
16351
9911
13286
2359
6764
13647
11412
7481
15594
8269
12936
2034
5664
15755
11634
12898
11453
12694
3902
10446
1029
4912
6906
4102
3673
11772
10801
476
13941
4850
11353
13233
4104
14243
14898
11151
12801
2029
118
2066
15660
10621
1931
14500
1570
3823
2787
6823
1684
2143
12449
14668
2938
2419
10016
15135
13729
3533
6960
2106
10679
11818
2321
10426
15663
16318
6027
3519
2458
2177
15129
11770
2526
12348
464
16012
14001
13670
2726
16355
9272
1407
13716
10779
12546
11404
1177
305
5909
1534
9236
10605
3555
3936
11638
4568
7128
12868
11710
3586
11471
3749
16093
15009
1628
9856
9091
12651
5403
11200
1105
136
5553
1746
4416
14490
11492
6769
13685
14457
16024
12384
682
830
13864
15894
13684
16247
9503
8935
3894
9932
5201
16019
14534
8428
10747
3773
14080
7815
8786
7462
7520
5657
5658
3801
11074
15947
11728
8738
12564
13489
15748
1847
1536
8715
16199
7785
14584
14736
2578
8673
11743
15984
1610
8869
7131
6623
10216
16125
1998
11420
4082
13357
11528
7504
9104
8650
10859
12756
2368
10503
15954
3097
4927
7319
6031
15586
9555
7420
4519
10448
5647
10368
15137
7955
12761
9658
4321
11080
5465
6274
3793
959
7738
16382
1547
11474
7339
1501
8937
10738
4751
233
5203
10267
15932
7833
11286
7585
11383
3235
14574
6283
2084
6273
9968
2440
14445
1532
1919
2583
11378
12720
10406
14901
16069
6531
14456
7364
862
3776
15008
12961
5261
3669
16102
16384
13602
11750
9979
1325
13522
11194
13801
15371
16140
14539
9463
15703
10545
7415
8464
2186
10388
14689
11880
11806
11395
12256
8163
14115
13060
15737
4635
7267
4924
14161
9710
4672
9285
7014
14831
5580
578
5842
1038
4263
10306
583
4028
7545
956
8924
1586
15619
4576
9734
7509
4094
9988
16271
8622
11127
3192
8512
10124
12917
12096
13891
14923
4185
11179
3119
640
4725
8858
5114
3906
12508
13295
7007
9101
5406
5170
15973
2168
11084
7706
13840
3347
14531
15133
14344
2705
13709
12254
7705
3831
1336
16071
4740
14196
15098
7229
14940
10138
70
7193
7040
14430
12802
11406
14270
3490
8543
5696
1120
397
10097
3474
1973
5832
14496
9232
5607
11114
8363
8082
10490
13554
5073
1855
2827
15661
16135
14620
13453
6399
12861
12882
554
2915
15401
3544
1765
9239
11250
7327
13680
16100
15493
1619
14665
13400
14331
883
3929
15418
8462
11587
3538
11204
8620
7799
1365
13467
4404
6127
10188
503
13901
6559
5672
5450
9203
16252
9224
10054
6029
7260
15373
10782
3438
1011
8971
12829
7080
14312
5386
2642
12871
8833
10509
2144
9625
3881
8951
15549
13278
10291
11222
8444
2599
12171
9725
11647
2147
5395
9650
5221
2985
8844
7967
6509
3180
6841
7065
3272
864
12347
3134
4675
14323
14767
2551
606
24
905
2155
9012
1939
4954
14340
5947
11316
12450
9682
5698
3699
7169
3142
10393
10252
14839
10258
11347
15773
1299
9405
7672
365
1773
5468
3610
11974
6574
15776
6077
5835
12052
13223
5408
5540
15637
13329
11309
2099
2157
15021
7716
14144
283
4788
2946
5134
13848
6711
13047
794
10964
8465
4845
6024
12369
16268
4738
2235
8359
9446
6359
13810
5208
10972
4543
798
7439
9777
15274
12773
8304
5147
103
207
6958
11285
15948
12702
15864
8822
7006
1922
13088
16280
14082
10634
2159
9871
6125
12455
4634
679
15404
10423
9229
15215
4994
11779
10345
5864
15677
14573
390
13297
4062
14247
2152
12737
4159
9291
12344
14124
4016
12751
5428
7136
1274
13912
9815
16214
3071
253
729
12976
8895
11788
12500
13034
5311
10827
16078
5182
1420
1996
3151
7500
9809
3710
7548
4063
9335
9880
9015
3103
13023
1897
13488
7405
485
3526
12432
1559
5772
14034
13921
6926
12342
9720
9493
12777
879
227
5987
2937
6040
14823
14687
15286
2814
7680
14256
3510
11680
12662
15340
5398
300
3246
3325
6272
3405
1669
15969
15090
6974
11844
11277
8192
11997
10339
15020
5041
9100
14131
4114
9145
1236
15936
1259
130
14783
12390
6721
15377
10315
12071
9084
16118
9564
5516
14860
6731
9278
9603
12006
4244
9794
15405
8691
3650
13097
593
3976
3313
16075
1562
9963
1770
11782
9260
11218
7177
2059
2719
12957
1084
8048
11333
9518
13065
4618
12453
5285
15667
13571
16085
11119
2804
6485
1413
3478
16284
1275
12816
44
12069
11508
11117
12878
9351
5594
2669
6389
13425
5145
12658
2379
3743
4567
7039
5150
14078
8603
9841
16053
5130
15038
8171
15255
10135
15054
10588
12383
14677
7063
12582
8353
12470
14547
602
617
13370
2421
1774
3729
421
10411
10528
3484
4807
7997
13222
9467
3482
8810
12408
14854
13396
14132
4611
13237
12752
15471
12292
7303
6165
7361
8458
11209
13263
3361
5777
13125
5878
7162
13991
6051
12259
11064
6596
9120
6398
11259
4341
5783
6238
11600
16207
5189
9136
6498
5427
3054
15099
5874
7089
8441
14041
10593
4911
353
7254
5071
7641
4897
9443
7729
2320
9834
14266
7094
10744
11819
11407
13672
3229
15111
9127
498
14567
11068
7829
9374
5207
15934
7050
12272
3041
12664
15870
12914
7344
8903
4899
12591
5167
8948
5536
14475
9004
15787
10441
11052
14254
9262
7213
2685
12635
8867
6171
16291
13007
12843
3422
13622
1196
10381
3549
13119
9333
10309
2459
1189
13419
3024
12808
14448
6103
6503
7195
8947
12758
2777
9310
8175
11676
13312
997
14809
763
6937
16074
6279
12456
12603
13035
2393
11016
3736
3840
15542
9956
14657
8036
1358
15539
12046
11207
12879
10934
6500
14946
8143
7289
14778
5697
2453
1960
14712
3746
8141
4297
6262
13530
4065
15918
7985
3632
13765
5600
2802
16007
805
5014
10887
7380
3753
6479
537
14352
11439
7261
11903
8012
12438
10569
12611
7139
5232
2647
1784
13415
7503
11836
10166
1123
11344
1766
5045
14962
3785
2451
14784
5585
746
1648
3986
14964
1645
3333
9146
186
15315
13510
1284
13969
7918
11888
10389
4925
16086
1679
6164
13462
11041
16146
4724
5626
6363
13071
7909
4760
871
223
5443
13360
1551
5366
4369
6150
16378
6478
14979
3705
1324
16292
3679
11513
9814
5096
4115
3021
1578
1743
1727
12799
12605
187
10186
13878
10395
3284
2483
512
1406
263
13877
9991
2267
8556
10882
3751
8870
6753
3003
1142
13824
6058
7016
11566
469
4383
13264
13651
15419
12058
4015
9973
932
7335
10319
10542
8842
14419
4872
13978
1431
3913
12358
9417
9595
16212
1294
891
13280
12072
14362
12828
988
13532
317
7892
16272
3803
13849
11794
2628
14554
9017
10173
12646
7575
7702
345
12819
4001
10762
6873
8728
14934
1240
15926
1421
3765
6480
4617
10575
3140
3169
13028
245
1126
8168
10201
12561
5656
11042
2869
12475
6885
13795
13844
3972
270
6534
11875
4405
12009
12201
9019
1235
6140
6368
14282
481
4142
9768
4863
13626
12748
10536
10901
7652
7130
15407
13186
519
13803
5943
15061
11938
7316
9029
143
4366
15337
8894
5268
4431
2025
13407
1492
3161
7493
440
7445
13478
12951
8503
11138
2120
14364
9748
14097
876
15972
12061
2260
1144
450
9141
10400
13625
10884
15136
15074
5143
11290
7910
6464
4214
11011
13882
2650
4510
13796
14642
2434
2416
13089
1494
8208
15314
10383
15052
6195
5180
1031
10650
8507
8557
15450
93
5752
336
6843
10181
2971
5242
15616
11413
1538
4316
5331
709
15589
5749
10765
15271
2199
13472
12517
12312
13584
3924
8343
8137
5666
14137
4219
9080
15437
6657
7324
329
15766
5241
9888
12723
9359
1071
11593
12872
15724
9303
16200
2960
850
7215
15640
10298
5392
4444
6463
5275
8877
13997
11187
11295
4052
1418
4858
13000
7219
13761
14105
16013
8536
12395
15353
4332
5792
1478
10552
4356
8980
4643
1390
2301
4163
3468
12788
7741
5703
2135
10172
13147
5722
2994
6588
11897
14288
13337
7257
12017
9798
14099
11441
11927
868
5939
2824
8073
6901
13294
9251
15710
14888
1835
14600
8409
3770
773
15368
2392
8725
2195
7764
326
5049
1182
9806
11955
13855
405
11835
3735
1687
10676
2200
1594
2456
90
2479
2031
4833
6001
8651
4989
10939
9093
14451
7606
15424
13408
11173
8272
6090
2778
14342
11043
7414
9865
12992
15831
10440
14939
8608
12421
12076
4952
5891
9190
1438
12785
2009
12142
9347
8446
15001
431
13640
3305
15699
12031
7756
14837
5425
8429
6811
683
13142
8022
14786
10212
8731
106
7395
11667
8079
8826
16313
665
12246
11131
1772
5888
9796
3332
4365
9264
15717
2457
15626
9786
13096
2941
1411
9723
9240
1563
11192
15942
1364
16204
5322
10347
3948
15744
10346
1118
11147
7708
10672
1999
1654
14766
182
14996
7332
3086
14136
14428
6826
10861
7356
9619
800
3493
12151
2344
391
15248
1866
4060
2055
14660
7697
4251
4169
14381
13269
9255
8648
6345
6130
16216
13860
7031
11330
15465
14841
2425
5617
12841
6115
2490
8194
4139
14063
6224
2575
4471
3145
2585
10896
6065
3291
1561
5063
34
2791
1643
7363
14899
2561
7952
10341
1318
1100
14367
4809
1016
10591
3796
6620
10611
4580
3062
2038
7867
5961
7689
10134
7
8618
620
13649
7763
1204
7199
1805
14300
9185
648
2149
16036
12226
8478
13152
5093
10343
10703
2166
1180
7203
7560
4264
16338
8469
13214
6522
10885
2413
5457
14447
6270
9247
14828
14549
1047
4581
7777
1899
13010
867
4657
5828
13976
10402
10772
1057
16014
12747
10089
14762
15838
14462
623
9314
13656
3434
8178
9948
6532
6316
10685
4948
13098
2383
12161
13172
5953
5036
4478
11093
4511
12318
14297
5075
974
15845
2764
13932
16361
9769
6771
14813
6929
15413
9110
8430
14511
10561
8006
2369
11088
2346
7249
8299
15003
9270
14112
5212
13778
10683
8788
6867
10774
14138
14627
13004
12766
7444
12101
14246
5937
5265
15812
7026
15155
10815
5435
1652
12412
4406
243
4715
7841
15502
2251
10046
16321
6142
15871
463
8573
14765
9508
11318
14361
4241
13045
13787
1429
12504
9343
9356
8702
13620
9830
12540
9050
1523
1566
13258
15072
14422
973
8245
1434
6373
13300
9195
318
4988
12703
10710
13938
10511
9986
6909
16061
3605
15083
13427
10780
4375
14971
10254
3358
14326
8880
15558
11103
3087
16126
16041
15811
6166
8964
5449
15650
12138
2516
2629
9785
12448
10666
5027
14857
13441
2487
10918
14731
7572
12221
9334
2208
4248
6676
11650
10377
14267
9881
13911
9627
3049
10665
9032
16062
6829
14667
9799
11940
8001
3545
14852
5413
3047
1066
9253
651
13734
12112
426
14526
4130
16367
6012
925
13498
2592
11751
3385
575
10642
8888
3191
16239
6006
11220
2234
5025
10788
12397
849
9198
5946
1262
7196
11317
13726
8621
13589
5453
10735
11612
15385
1158
12859
4889
13426
14472
11030
11838
13330
3057
6342
3559
6505
13232
2409
11509
7701
989
14518
10623
9421
15510
9025
3802
8936
15575
4623
12474
6419
1030
3798
8695
5797
8978
6433
14207
12997
3942
3491
9995
7589
4958
1957
13455
8251
2287
3141
6545
9872
12197
7281
14091
739
12494
12650
15207
11007
5650
10667
15118
1354
12569
6892
8230
1145
16168
16203
16383
646
6049
161
8794
1560
10196
9626
14661
9694
9923
11009
12547
11510
3118
7349
5896
16223
12695
9164
7522
4551
14615
10438
4918
6720
1292
9974
2829
4327
4119
7429
14517
3726
15175
7218
10922
5840
7018
3717
14059
5486
3772
6493
1261
102
8000
12716
15752
4378
12636
3023
1845
12521
6490
6903
11078
8599
3486
15931
2104
717
2385
2901
4451
3203
7175
6687
16210
11060
5177
939
196
9918
3635
10538
5004
3101
2681
9645
5851
14889
8014
2448
5706
6893
5563
15064
8584
6126
7003
1131
10997
3050
9499
15146
15538
3273
3829
14398
14905
10376
12576
6800
15249
5099
3018
3621
557
8243
2568
4976
15641
15416
6697
7296
2844
12977
7161
13155
9409
5825
7675
3563
12415
539
8866
1227
2100
12557
11930
14230
5975
3863
8368
354
5973
13161
14188
8144
1858
8516
8659
3889
8534
2354
13817
10150
4840
5988
8442
1095
13446
15854
3847
11405
13509
6640
2749
12607
9325
1022
6034
16066
14995
12687
14737
766
5060
8342
15158
12443
6770
10889
3967
10812
4271
2520
1718
14301
2673
14044
1997
11989
11079
4387
15004
12579
11929
5183
2070
4489
3897
14372
12548
5654
14085
15741
10530
3350
14968
7317
2513
15704
7668
12360
10373
3979
4765
2237
2879
9664
3149
3502
13556
13130
12495
14619
11354
2908
13890
5013
9341
8631
9946
6111
14675
11885
10240
9751
12230
7374
10420
7137
15896
2271
3575
6701
11608
11621
1978
11786
14654
14089
12179
13546
9618
1021
9427
12139
13793
114
12691
14308
4315
10141
12588
7354
8764
15791
9233
14896
2488
15512
15231
8101
12909
3363
1729
375
1865
4433
10740
11418
12944
12572
4964
7200
11279
6360
2934
14280
15782
1442
2581
13936
16159
13109
414
17
13588
7256
9363
15309
8122
8814
7211
6406
5326
10673
4382
15548
11346
11757
6158
7824
15041
382
8391
4293
1702
8123
9649
1874
4564
1620
7515
4443
2012
11053
9570
1198
5837
11599
14121
11609
9218
1278
14743
4698
15698
3012
11674
11527
15199
9297
2014
8876
8328
10768
5008
4183
12050
5790
13756
15959
5923
2315
12899
3251
7389
11868
4841
2601
15463
10040
8891
982
16077
7622
5173
7656
15605
6635
5665
281
1098
1661
15810
12707
446
10878
6211
4650
4394
8830
4781
8797
6482
12349
926
12563
5985
9137
16360
15975
14322
10327
4242
11022
2741
10471
7549
6521
12482
7552
9175
1081
14529
1232
5581
8995
11422
3129
12271
7526
8529
10253
10155
14721
2160
13534
969
15489
3262
14505
6226
7264
7835
9329
15604
6207
9668
15654
13140
10060
9648
2097
10654
13653
9621
10567
11499
126
5441
14058
3500
5083
307
937
12942
16030
1376
827
3239
1389
13159
96
10065
7251
11584
14513
5610
9023
4439
1689
1599
9268
5758
12950
8640
10555
942
3797
13875
2444
4367
8220
8449
16035
5299
13175
9027
2795
3494
8958
696
8049
6124
13129
10044
2005
13889
10433
1989
5061
6128
8699
1624
13769
9373
12001
11281
1379
8744
10813
6196
2897
11694
6286
10630
220
2906
2465
356
1054
11943
6119
14754
11336
12288
5039
12207
5442
6905
3503
12199
12692
10137
1926
3806
7074
10944
3520
6825
1852
11163
3472
5432
13691
3247
5886
7483
9380
8366
8356
12680
9121
4913
8636
3879
3199
9488
1340
8502
3781
7819
9392
9296
10580
10566
15014
4072
3965
1637
9684
10488
13184
7975
9672
7783
7408
11186
10876
7023
15795
7722
13547
9560
9043
8061
6944
12086
7412
15429
1423
15140
903
15000
11814
10756
12577
8339
4676
9005
15814
1286
9749
6930
14217
16320
5628
8809
13762
497
4120
4628
9868
11236
8341
2891
4542
15865
7937
12452
15114
14825
6899
5141
16278
5681
38
2862
10018
2103
8026
5438
8354
2709
4578
4546
4830
13842
10230
1681
11964
2806
14324
3453
5179
13049
2024
10487
3818
1317
11692
845
4866
16114
10562
15893
10074
10340
15868
1802
1353
2115
15448
14715
1826
7946
12121
6319
9277
11704
8945
12554
3153
3958
2041
14278
3317
9912
10452
3266
3862
4250
16297
6631
7121
12245
9156
12501
16111
7109
7994
12826
9689
6374
14913
3411
8486
14598
14935
6412
6615
14011
12921
5374
8568
10625
5641
10337
10249
14772
5965
7144
4386
5047
15595
5159
14621
15888
11213
1891
15638
1671
3137
7343
3037
15513
4312
5907
3441
976
16376
9975
10436
10409
11859
14376
10729
1902
15149
3584
12165
4014
10551
14671
11892
2991
6009
16011
9708
11257
7062
1859
1200
6467
4455
6567
2306
15823
13528
183
4395
13310
8319
346
10083
4030
10578
2747
16213
6039
11274
11724
4689
8798
1539
3507
1972
14359
546
8594
4708
13162
13259
1992
16365
7818
3851
5951
1106
1512
8988
7698
6981
13206
11161
10027
4667
13964
14167
10260
14693
9342
16202
7293
3708
3318
13461
2684
6404
9375
14520
3278
10811
6264
10620
12648
9346
11120
9727
12628
10513
14555
9390
14570
7231
42
16269
2222
2417
5258
14339
10526
5016
4920
3857
1757
3377
10549
12153
4732
9617
14092
933
6071
10712
11066
1454
10715
15560
7757
8560
10414
89
10461
14158
14426
5270
4977
14975
15649
9169
190
4076
8013
7494
221
12601
15669
4632
10020
15515
10051
5532
1113
9486
16145
2710
542
4771
9971
13898
8173
938
10178
11339
13031
12357
12855
5725
5941
8377
4652
13416
3930
3111
4801
14994
6751
3990
6483
15071
4346
15509
15198
9088
14285
1597
10334
1482
2188
3626
2913
9972
4164
14564
3488
13857
1326
10927
4658
13293
11056
10255
4773
4024
14803
11798
4547
11292
1641
12430
11891
8561
11481
8379
14233
4735
573
8219
8435
4626
2618
9276
6833
3873
13637
58
14938
7280
15648
12115
2573
6437
3232
8294
15053
1465
7265
7035
16170
2880
8202
10662
6011
15245
9327
9395
6424
6313
14738
9891
3877
7795
12000
6429
10492
3592
2667
15905
7090
7377
8128
11535
15116
3454
1351
3302
9275
4200
2951
6388
10522
13542
9584
7088
675
15872
15584
7368
5031
15360
12363
1052
1655
9261
4279
8088
2645
4540
6082
9557
8452
8908
12726
1255
13124
1375
4107
7243
2955
5246
9470
1143
15045
1039
6362
6755
7703
10818
4117
10572
5615
4344
12655
11915
7189
15686
1355
3922
12781
15230
3909
11427
2247
15312
386
15459
8768
13928
5494
12555
1443
14874
7978
11909
10902
4252
14251
11993
442
6818
13821
2893
929
3641
10076
5714
9491
10816
12284
6013
12416
14611
13529
335
7165
15646
10148
6062
14268
14867
14978
13303
14645
9677
8306
12830
15214
11262
5339
10462
7753
4967
14410
10802
11081
6450
5005
15154
2282
15882
9928
14795
12904
3208
4602
6334
6633
8434
11969
4674
1665
4253
9819
13574
16110
2803
15503
5929
12132
14497
12353
8313
757
9065
4769
1708
13211
9636
13925
3256
9687
14257
14980
8565
9700
2984
6686
2867
6728
13518
15826
10920
10993
13339
6430
15046
4968
4588
5312
677
12989
14648
8058
3220
14491
15250
13123
11465
11020
11941
8035
14594
9724
10599
12672
12499
3304
1314
8612
5822
1927
7417
15119
15579
538
13387
4669
2253
3046
6393
5371
14787
13687
11166
6068
10581
8311
488
6175
11884
15999
545
15263
16266
10385
12067
9697
8454
11663
1484
14375
12223
2677
9551
7100
7688
8431
10004
12108
5490
4336
6
9783
7143
1309
9554
14086
378
15516
12033
11491
14790
1005
4523
2000
5132
565
13550
8642
13669
477
12183
10070
2156
2445
16176
8459
9106
14910
8990
192
8779
8115
10841
15980
2372
6436
8973
14116
823
1513
7733
11040
13965
5363
15178
11105
7787
4541
3715
5866
2464
12186
16375
14662
15952
15519
14694
9014
6861
15790
121
8577
14286
1783
12503
9622
10644
15193
2245
8821
12167
16248
10504
14559
15666
7569
6471
13989
7117
9504
15275
15018
9593
5401
9766
9472
4304
10266
8874
660
15761
9119
11255
2119
13707
10099
3316
9311
12676
10930
12273
16285
14166
4917
5724
5711
4748
5327
13905
5984
1448
12382
14850
6118
15751
15858
15989
3569
10111
3542
9284
6301
1958
11825
3593
8688
7661
6830
13683
6987
3827
13374
7472
6045
7767
12927
9496
15566
7639
7934
14808
3870
4906
2512
4719
5035
16201
8170
13273
11567
4934
2848
12010
11372
11518
7478
3079
5645
8437
1055
12938
14538
8114
13623
14747
5920
15511
4597
3336
642
3196
11168
5472
1894
1873
9915
9752
12203
5384
13113
15474
5676
8831
1481
8501
8413
1698
3932
4973
7075
13535
1801
13629
4294
7045
1888
94
4161
11881
11984
14734
7827
10628
8914
7399
8248
14440
10413
5081
14317
5906
5959
11873
5303
6844
8179
9135
13963
1761
9850
9506
1573
5199
12755
5422
10795
5601
2605
15087
7345
3606
10022
3885
4945
1092
7406
12639
5260
12178
2439
14756
4233
7208
3727
553
1493
15467
9474
1345
2928
8933
8954
1913
1130
9666
11971
8953
472
1150
209
11976
3741
14725
3639
11203
14397
1571
10523
14379
15421
11130
6156
3293
8582
4396
15121
15104
807
4081
11595
14607
2298
172
8054
5333
15070
10752
4043
2743
15184
4464
11312
3173
10117
10431
9125
8461
16021
1723
836
8372
5247
15756
11181
930
8926
14370
4722
8210
12321
14338
6724
13213
15729
14847
6814
2229
8031
7814
8713
16001
13091
7403
6385
4500
1952
6172
9521
11450
8164
795
4673
758
16172
9843
1810
9039
6757
12666
491
3038
11268
12295
218
1214
15432
3117
13217
3599
11298
7051
3175
6422
10285
8102
14655
12008
8505
5278
8165
49
4745
7198
15835
6452
16138
10754
9993
13497
1650
5054
1193
5551
7669
14049
2201
4463
12315
9208
2313
3237
4834
13560
975
8300
8596
14096
7373
15630
14164
15336
9750
13167
4933
3063
111
10926
4347
11055
11628
12526
873
10005
534
15550
1008
5592
8135
9951
14476
2715
13336
6384
5938
10940
151
13937
8717
4025
16090
3864
15097
699
708
2518
9859
8322
5796
10109
7883
13914
3521
810
13181
16103
1258
14464
8748
13759
8466
6908
4706
14127
327
15042
598
1074
13248
15358
11443
15204
6913
7046
11629
13414
4744
11669
9773
3417
1849
16079
3882
264
9013
10493
14945
2484
895
2174
5740
11071
9906
13234
9667
11139
9172
1660
5687
12234
7379
12464
9500
6343
470
3429
13230
1254
5727
8106
11153
8105
7274
8811
5620
14480
5136
6380
9643
9387
7513
835
15653
1910
13261
6033
10481
9287
3436
14241
4621
334
6355
9456
7322
11214
11331
1037
5244
12296
10443
1229
5229
15820
9883
12531
2339
8303
6223
28
240
13668
10225
8270
1741
8705
285
9944
15544
13752
14414
13255
7228
11234
7431
5358
13853
3245
14942
2347
3036
12
6183
14170
7291
7628
1918
8680
10391
11302
12002
499
11978
11547
1405
7943
14007
10422
11761
15967
796
12200
5059
6878
3674
1156
13298
13636
13979
14886
2678
8754
10521
7725
6121
1825
6737
802
10794
3183
1489
12534
12398
7887
9608
3951
296
13486
9680
10457
5343
1583
11010
13551
2996
1721
13957
3298
10217
5590
15321
14173
15529
5274
13068
626
2335
13116
1136
331
14651
13085
4890
12103
13373
1264
12732
11661
4425
13839
7574
4636
11466
9055
7105
14229
10100
13210
2225
4481
7972
7095
10126
6350
6353
2594
11108
15313
5613
8848
5230
13456
9158
13990
4731
943
13719
2964
16244
43
10722
9802
3216
7300
2433
6254
1930
13874
706
3330
15468
14380
10410
1183
4234
1869
13128
10660
1059
840
11158
7902
7432
5881
2713
5982
11076
8387
9970
14341
1452
12740
10221
12057
13985
2903
6055
6076
15051
10439
4851
10560
8067
5531
8186
11171
5079
16109
7649
2761
13340
14990
9985
7004
12147
12407
7781
7775
13332
9983
4898
11111
7704
10992
11708
11489
8989
8450
15890
2510
15057
1087
1647
11482
8060
8576
517
8518
7325
5240
14761
1924
15867
5090
7983
10129
8158
8514
1695
11448
5956
2137
5694
7466
14551
2976
4884
7182
1753
2816
14467
13403
10950
5795
4856
2517
7885
9890
2825
15029
1658
15929
7792
8813
4608
15092
824
10269
9686
7817
5211
3819
13987
6210
5100
6749
11514
14219
12535
15430
2665
11516
13470
2402
489
7531
13288
7598
14562
4350
351
7655
4786
1377
1745
4853
11619
13581
422
8010
15962
3387
15362
5986
7396
16120
2324
5575
12205
8326
3925
1249
6134
9459
4179
56
14184
10105
8854
7534
14083
15596
12710
5816
8569
9301
15723
9483
12460
6587
2948
15159
14958
897
10048
15327
4914
247
16154
8312
4531
14792
108
13003
2954
12479
5341
11695
5105
12193
4310
16056
10455
8440
6932
13002
2061
7642
5589
2278
6084
7077
7277
3682
2704
11853
13700
1017
14844
4603
6976
3307
16044
11456
838
6580
15970
8674
5360
11183
10956
4049
3539
16034
14110
3653
1883
1291
4096
10294
5910
13607
14162
9594
9258
510
12417
8426
13039
420
15272
198
13411
7853
11029
1213
10101
10000
4798
4392
3740
14123
7710
6874
8091
8828
8966
10682
5023
10215
7712
851
15300
7711
8474
9181
5967
7470
3030
7450
14700
8023
2498
11437
4780
15555
5499
6959
10501
4171
13012
7341
4893
15189
14433
6820
984
3968
6098
645
6352
8959
3451
15739
362
1308
7583
7286
14602
2374
6369
15172
8476
423
3078
2929
13247
714
14653
5082
13238
3061
6967
5116
3686
8473
1472
7234
6781
1717
1842
15971
11391
3443
14576
1352
11616
5634
201
6354
6858
3085
9008
5856
11399
5935
5773
13742
7605
2477
5977
8591
7550
1840
14074
688
14387
8856
14799
2092
4110
7358
4777
6491
162
1301
2734
1780
13239
5713
14545
9829
4582
11764
8160
4819
1383
12078
3073
7148
14593
7191
1659
8787
4972
14750
1519
10241
8075
13648
5876
15759
5637
3730
14868
14153
4257
7929
12126
11594
1199
6415
15863
4770
14403
14098
4236
16124
11184
4891
2952
15477
12332
13913
14272
2564
2441
2118
15050
3638
13057
1246
7864
8166
16236
15917
13634
12209
15460
9573
3944
6221
15861
10755
12931
7648
9683
443
629
16237
1690
8993
902
9660
9428
5719
14613
12682
13553
10043
9345
8335
9009
9847
14638
1881
445
15341
3349
13112
681
15621
7578
9166
5671
8729
8906
4721
6453
7184
5190
8724
7197
9978
2530
2503
2246
11392
15318
8927
15702
10850
13404
5238
3418
11975
3296
15682
15988
1445
1744
10080
1415
7052
2228
921
2662
8771
11887
513
16025
11270
15606
3456
14719
4068
12174
13673
14624
1244
5847
5095
289
12425
14093
8915
15414
7644
9561
6179
5383
11396
13962
10809
3816
2634
16337
6683
5185
11872
15420
3459
13490
10092
3663
7604
7566
6317
13053
4717
7679
5502
8742
2949
12376
5858
12484
9898
15599
12202
12663
191
6551
9451
8943
9808
13747
5578
12623
13770
4832
4936
6591
10757
5287
11767
11069
6174
465
8996
13180
9577
6093
3466
8893
5043
13708
1394
11760
1776
6458
6953
3524
7667
11999
16000
9867
13628
1097
12660
10140
12217
7700
13067
1228
9263
10098
11299
4609
7079
13111
6793
12267
11278
5204
12424
684
3832
10951
16235
10069
12063
15323
1813
3178
11148
5598
2495
8843
834
12309
10872
10392
8678
4569
15908
1024
1337
7489
9505
5372
9706
5568
14060
10265
14469
10222
13663
4923
5223
14652
11199
5324
4935
1889
5827
10771
7528
2388
15800
376
16092
11464
9217
6184
3973
5294
13166
10223
16129
1634
9981
1148
11335
2600
7556
1134
8643
8886
5492
11444
5455
3978
3780
3680
3455
8624
11738
1946
4822
6344
1458
702
14890
6248
11229
97
1362
13476
12066
841
11282
14817
11865
6560
10369
12433
3636
4766
10332
14420
1206
4907
14950
13630
15642
6104
2542
14571
781
12263
8540
10590
10681
10355
1450
10460
1209
6101
7847
4932
1550
9553
7629
11201
14781
16302
3659
16289
5194
6088
1818
2399
7427
9532
13692
13972
12584
9855
6582
9774
16191
367
8975
10318
16097
4033
1763
3553
11995
13436
1202
3133
10468
15417
6884
13251
11121
13005
10776
8566
2540
7973
16142
6259
8851
13732
2687
6708
15828
11602
10123
13465
2621
2616
2140
15933
3608
7962
9639
5308
11065
4595
5161
9412
10394
3660
3201
6323
8096
7258
8709
5481
13738
15037
13883
1241
4050
15567
11512
7150
15647
11604
9353
3240
6672
11579
1629
7442
5564
10636
2571
9642
2406
7904
1572
16175
846
7311
14724
14065
14961
915
15694
740
8068
3657
4892
5124
12127
13062
13655
6015
7686
15306
5052
1635
15442
3276
14151
9122
6661
589
4189
6613
735
14191
10897
13177
10187
5771
4861
4239
8380
8155
6474
13304
6328
1955
14264
13463
14722
6887
9688
14423
1212
7005
2664
6982
9197
4370
15339
5283
10834
11641
12074
2849
9767
10482
15386
8547
7779
7577
15680
13146
10583
747
10257
14095
15862
12769
16137
8348
13475
2257
467
13603
6853
855
774
13011
1768
6336
11821
7159
3372
11693
5969
4032
8347
6714
15978
11851
12104
15246
4176
1477
11785
1321
1058
14941
10128
842
15254
9402
3666
5998
12210
4982
1987
954
8385
965
5683
14983
6036
6402
2943
9288
8799
4465
10535
1125
4653
5088
4790
9907
4384
10171
4097
13040
9070
960
13767
3677
8222
9124
6772
7101
6462
10977
667
13956
11177
12779
14858
5962
107
2888
8069
4637
1190
12991
15073
4058
2468
8097
6840
5523
1914
15505
10546
12457
5819
2044
15331
9801
11585
13523
16257
402
12143
9453
12434
7517
12725
13072
5015
15982
15434
14330
8976
16151
3997
9300
2139
340
14455
14250
6704
4292
10592
13198
14279
4357
15438
11758
11908
9168
13572
9162
8676
16028
727
15504
12956
14703
11598
1219
8999
9215
1984
3082
852
9435
14416
1504
15425
14363
10717
12525
9007
7140
11614
13250
14261
14679
11211
4990
10748
8581
4631
15822
3475
6666
2279
13207
8537
13837
4486
5210
9052
7525
462
5168
1974
16091
2236
7259
3836
1302
9869
13652
734
6533
2049
401
13660
1937
179
9399
15197
12054
6789
11438
2334
10595
8017
10624
15059
13504
16312
15734
3343
11196
10968
6897
12170
13477
2252
12616
3312
5255
6187
11362
14842
8237
16080
13359
3529
10428
14351
16105
13613
10904
16006
12757
6774
6590
12595
16332
15364
13059
7122
13169
9066
2817
9896
11855
5960
9490
986
3269
14253
10758
3782
15228
6642
10418
4681
5807
5779
12642
2556
23
571
6931
13600
655
9760
3561
12372
4679
6018
6285
3838
5548
13927
4716
13717
15088
1793
3828
6998
784
11864
14582
14683
14546
5010
9558
6000
14378
5921
10113
8521
4277
4605
5912
259
10651
16083
8383
9590
4718
3447
15987
12911
4048
14872
3795
2631
3373
11977
3938
8994
8928
3878
170
5705
129
4940
2349
2002
8470
2089
82
6668
10594
948
9139
6182
14742
5535
15394
13966
6602
7544
3458
2310
15498
15600
3420
9179
9711
3769
1748
9465
12286
5736
4846
13317
3029
9836
11769
6763
1091
16183
5767
13838
2609
3348
11385
13539
8839
2438
7995
2863
15676
1122
783
1925
14776
8034
8919
5667
12502
239
9615
4544
10084
4979
15365
12738
7651
4070
2269
6297
3966
11132
2240
4857
6919
8571
8217
246
11128
11077
12024
1152
7857
9394
12303
10658
1252
6610
5989
1460
1630
11917
4554
14527
4986
14240
4895
14169
7490
2604
5863
13614
15412
572
2750
9142
14848
13219
6819
8043
2603
8752
12681
13148
14287
8174
13517
10704
14705
14319
2141
15580
13537
11631
4815
8805
15930
11709
12374
2643
13723
10773
8817
16052
13835
14741
14409
53
4506
15590
14197
11831
16165
9588
16197
2703
9934
13199
15363
4820
13418
15552
15853
828
1900
566
6311
15252
4289
10921
12770
10502
8517
3700
10532
2345
7563
4393
10966
3861
13316
2712
8305
10375
282
8588
11497
2700
7874
1815
9211
4852
6070
2911
8296
8974
14304
14236
2154
13421
6999
11232
16187
896
13974
11332
6584
1567
14293
273
9057
9662
292
4158
8085
14628
8767
13718
12345
15409
4707
26
13582
15532
272
2651
2835
1370
16073
6986
13409
1528
2087
759
5467
4053
219
14478
7662
7030
8374
3952
11553
8770
11493
5741
11854
15818
8283
6870
14443
4343
13639
10483
10568
8376
5460
15209
2485
5234
7590
2332
7719
14673
14453
4415
15152
6902
649
3737
14999
14947
4129
1239
15167
15522
14333
3647
13267
9562
12980
8712
11238
9870
8254
5226
15697
11341
8662
8527
10869
154
8613
5228
12351
7253
14202
16196
4477
2982
11804
9927
5129
16344
11430
3125
6383
7624
15629
8390
4020
10458
11653
9016
4479
153
11264
769
6541
15308
7911
7860
7845
6514
10190
15027
1892
15927
5955
2767
13108
444
10647
9885
7326
8361
7032
1273
6780
9149
10849
1737
6348
6102
7981
9273
13785
8344
10464
1435
16348
411
6927
6972
10305
8522
16169
8040
8774
1500
3993
13507
1251
3461
6669
5992
10494
9350
7691
10553
5337
11607
6306
6777
12705
2502
7155
14408
12827
15624
4537
2945
8295
2942
9118
11581
14688
1491
14984
12118
5206
4303
3314
14384
11289
5302
6540
12969
487
2297
7067
5873
7010
3188
8609
11467
3558
5682
1222
7751
12862
6775
15718
15243
14775
7570
2317
11565
4727
7113
8382
8630
10515
7565
14038
7521
7460
9929
13335
9295
12083
14729
13678
11342
11596
10616
609
596
15476
5466
15745
6242
4118
7891
8204
14785
3379
13471
14180
4624
13323
11350
2353
15769
15943
14917
13533
7313
8625
134
2979
9739
11398
1851
5964
6855
9644
8447
11615
50
6595
10855
12191
12237
9931
15449
11841
14560
9670
12949
14223
3095
715
15284
11269
10073
12176
4937
150
14685
1515
11429
4212
15102
7816
13037
2874
6448
5593
2549
6685
3957
12307
291
894
8592
882
4450
4685
4266
6594
6916
7868
10973
5902
7072
14209
2241
569
10199
9048
15834
594
1475
87
3428
15578
13805
12678
2850
3945
1267
3567
15142
3685
5007
3067
3714
6454
10463
7338
16033
5890
6421
9990
5346
69
1606
10210
13305
6734
15525
14793
8479
4124
12113
11949
7584
2519
11106
16096
16241
12463
7801
10805
3917
4334
12472
12615
8684
8046
3481
4051
2899
7796
9328
9744
15058
13480
7001
9309
3000
12047
15380
8721
6921
820
6600
13730
15906
668
14454
2471
2864
9434
9422
13741
11287
1527
299
6122
8649
4633
486
1511
12903
3042
14283
5831
6116
15427
11606
3150
3546
10156
15456
8542
1848
14052
7616
604
12441
1860
10645
4662
3866
5030
5056
5489
15675
13908
11329
8610
5288
6330
8911
11737
12865
16254
10674
1289
11900
12403
8371
6795
6378
9893
10390
16128
2366
3792
7053
1782
9540
7713
15143
4420
6859
3068
3505
10304
14172
8072
4825
11589
16192
14806
1582
9313
1565
6278
11376
11583
12574
13052
3656
15847
2757
10525
12704
4352
7743
16322
3678
5857
671
14985
6923
7087
13995
14424
2595
2362
7748
8711
8677
6854
4227
8331
15469
2789
4535
9813
14533
9207
7626
4728
5176
3616
8396
9691
5074
10677
11722
4168
10323
5821
8420
12593
15518
2398
1469
12743
10162
15195
117
16108
3234
9818
3696
898
4202
818
9298
12016
7496
875
12993
4876
10174
3701
3077
2431
5019
4339
9961
2966
14550
4692
2275
14626
1736
9529
7033
9151
2800
8078
1028
14563
124
12440
12821
1986
12887
7844
8200
10873
7463
8414
3044
10479
4553
15506
15719
15122
2408
9075
12908
15369
7770
580
1731
4069
14182
11215
8139
13686
8423
8280
13220
8852
11690
10103
1287
11898
10489
803
11987
15372
6381
4098
15273
10367
3135
14377
13562
2146
15900
11017
12244
4585
14641
6143
4224
12744
7595
4831
5930
13782
3228
9338
1444
5570
12729
5420
12391
1935
15397
14678
14801
5814
3139
8587
6495
5445
6202
7252
2910
3401
619
13868
13712
1882
10858
1625
4144
6722
10871
15173
15461
6206
11734
3850
8406
14943
9178
12446
15229
5576
14771
3603
10476
9340
9174
1589
12960
447
9184
1473
7173
4533
7488
459
5999
10990
14077
6524
14032
9902
9481
156
7685
5062
16186
15757
12489
3202
1862
13784
4960
3099
11923
11630
8184
11830
9305
9230
4862
14185
7397
11300
10942
4734
1208
14019
439
863
12874
804
9322
13806
8154
449
10228
2813
8218
1250
3421
14993
12685
12325
563
9495
2658
14902
14385
9853
3413
11478
9513
6869
15163
13326
990
9778
6889
5048
2371
8700
5461
15655
8552
10541
7636
3750
15603
12487
389
1210
9887
8003
5800
4437
14845
6571
2435
16249
4601
10899
15126
10707
13563
11959
5747
16166
10104
4299
4201
1871
5872
8424
15526
9419
7382
9549
8080
1621
11542
9920
15356
14421
86
7724
4166
6154
2597
15005
10158
7992
2846
11845
8590
4371
4391
15546
5391
10
13224
5325
8190
1175
8890
16356
2536
5282
16327
11771
10828
1440
359
13434
1399
1446
8732
10741
7807
13521
4823
15910
8103
15266
13033
8412
14770
7851
2912
12268
3327
2072
3098
7820
10333
1503
12518
5038
603
9054
15144
15080
10264
4099
12552
10720
16010
1109
15093
10928
8546
8249
1824
3253
7540
5748
6231
1928
1335
8646
11689
9414
8030
47
15305
7499
5751
4434
9655
13567
11922
10726
10344
4497
1333
1166
2172
1459
3571
10399
14891
7076
3090
12367
15433
9318
6785
13814
16259
10152
1184
12776
10238
11560
3684
8883
5040
6296
11810
8134
9041
12445
13009
3390
2158
1788
14912
9170
14586
6786
15785
2214
3648
3624
12168
232
12863
8247
13503
2432
15466
5901
6630
5469
1217
5640
11664
12051
9132
13704
3983
13058
15645
11791
2019
3214
11626
16070
2052
9953
1901
2288
8549
12652
9858
13164
4296
4947
11014
8111
2843
8181
4999
15023
8258
14228
15101
11380
7042
2493
3676
13893
6499
14757
7145
6155
5762
14690
13192
15236
2504
6537
11089
14833
1751
6978
6773
4456
6968
12431
9611
10860
10994
13617
197
4196
4684
8865
64
11225
11107
15569
9839
5663
15081
16232
9987
12835
2470
12301
3027
9388
10321
6008
14150
13313
16094
11617
14959
874
13544
9533
12940
3365
14794
7436
7247
8375
15400
6230
8762
5839
14745
9671
10646
8223
2175
3779
10919
12846
15153
453
10883
11154
881
16206
2659
9788
13836
4421
12120
8623
11732
1971
7579
7301
14452
15156
16177
13466
15573
3903
9362
12248
4122
6864
10469
5488
4209
14347
16127
15276
2989
5153
12749
6543
249
9746
10237
2525
224
9201
6504
520
15815
12594
11288
10142
7635
1386
13826
396
15508
441
10632
15332
11882
11733
5067
3035
271
12713
10800
12638
99
13022
12378
3960
15330
5897
12461
13688
7842
12924
5316
12795
8093
12187
6294
14289
10246
16045
6558
2123
7352
941
10311
4493
10106
749
11176
10276
14334
16349
4029
1948
13772
14903
9852
7096
7858
15985
945
13771
12542
13922
9842
3508
15775
611
9378
14727
15829
1296
11411
6069
6249
10191
13577
3675
454
9817
7714
6647
3020
13457
4147
6679
1724
12600
12381
8365
2744
4474
3662
8487
5595
12018
676
9762
15781
15611
11774
13410
1315
3786
9254
6625
11306
2343
7791
9126
3252
13953
8902
3953
15507
11002
11625
6546
12629
4340
3001
8600
13557
16162
2812
14084
1040
4869
16342
3301
10786
8193
3845
12068
6656
7599
1711
15484
11677
11611
2373
9651
1725
15033
11551
344
10325
3080
4040
12411
12166
9977
6517
2057
11533
13505
13961
5745
2489
1771
11934
6799
4824
12279
9741
15609
567
15799
6141
15068
14614
5089
15141
14487
16141
8567
5284
13513
11054
14709
13282
1369
4363
10955
6565
4926
10880
16054
2907
4399
15257
9917
6222
12505
12939
4230
312
8240
3072
1791
7928
13593
9599
12128
8955
6064
14697
11205
11670
10702
10035
4258
15687
10175
14205
14365
1712
12902
7336
7638
5633
5474
9592
8834
7919
10932
1082
12304
14208
13020
5314
10693
782
4379
7237
11913
1470
14523
2216
3374
8439
8845
9046
16326
12235
7402
11024
11283
12152
11393
6569
8475
8654
8149
3789
6152
12570
7957
8460
404
9909
5788
7201
4900
6449
4419
6622
14535
6151
5757
8373
1786
2207
6877
14198
13179
12796
7086
2190
400
14159
7837
15410
13527
4627
12435
3176
7508
5127
9097
5501
1036
9143
7681
15722
7640
7459
11358
13050
6943
7083
11490
7905
4150
10290
3871
12858
14332
5356
4077
12852
7351
9059
7730
6346
10641
14026
3108
5411
9874
12714
6566
2205
9034
11576
15100
7772
1159
1371
15446
13021
7610
5966
8333
8203
9712
11217
2686
6768
1224
13754
2652
10437
1777
15182
15487
2720
15025
10894
10144
2357
14067
16060
10708
13808
4091
6120
1603
12661
3724
4
11180
15475
4199
3900
3896
368
6516
2544
8004
15639
1192
10088
1049
9613
1609
11400
9960
11115
3113
12257
5405
7747
786
2501
2882
1739
15688
132
11521
116
15911
7433
6696
7879
920
12079
2114
10071
3221
3613
11899
8790
1034
15817
9957
13487
15179
15103
10770
6643
14036
12962
14519
12626
2925
7309
8407
5479
13627
1518
1046
16253
11958
14031
7365
13633
15335
12220
672
15055
4996
3254
922
5245
1245
5971
4013
13014
2482
1293
1094
5382
587
3485
4687
9959
12490
1608
9355
7279
8195
11741
6964
4256
7236
8109
1163
6028
9563
3467
2524
11746
15022
924
13576
14396
14436
425
5949
6710
1730
6939
12442
11926
6105
7283
7255
15381
13483
5298
15902
11905
8761
7190
3477
3907
2437
9743
5565
12783
7312
3706
10273
11280
8234
11562
8340
14033
13538
9051
3210
627
11876
5798
3890
13909
5574
12402
6191
15674
4188
8946
11423
3171
3642
5911
869
1704
6063
14
16366
13345
4686
3115
11172
5934
2355
15268
2226
12838
9129
3629
10164
12897
12822
6863
3388
9128
2424
13165
12337
15797
2333
11935
1276
5524
8778
591
10907
297
5354
6250
12524
14366
12881
13897
5572
6253
14406
5110
1002
11485
13048
6327
10302
456
3164
16149
7428
5293
11141
14126
6194
1879
13863
10524
261
12062
8271
10979
9581
8757
3683
4116
1146
3622
6245
14760
1116
6808
14225
11304
899
15396
5688
8191
15086
515
1269
11273
703
4190
3007
559
15439
5070
7451
8324
11506
14315
11996
4198
8698
7029
4449
1499
11590
15123
3081
6108
2900
11829
6054
12119
5739
8716
2244
1942
11867
10856
13285
9117
9996
15485
9940
2644
936
11549
13923
2771
10840
13690
11698
737
13590
9997
4575
14439
10474
9525
7347
1051
2697
16352
5231
7721
11816
2080
8352
11550
9238
5291
15206
6432
1453
1778
9640
10363
13391
1710
15139
7922
9073
10911
6949
8756
678
14291
11571
5098
11883
5000
5306
10571
6973
7179
3664
10908
1179
6137
9919
15912
8847
11654
357
10278
3607
8861
13592
6729
15307
5914
2036
12131
1959
4285
13755
613
14664
11699
60
5915
5496
14252
15784
1033
7187
11195
1256
146
2231
15772
16240
10470
1961
2758
11100
16130
890
14676
2377
8107
12328
1124
10227
11165
7492
2576
14540
14156
15712
11727
13395
6539
2672
10831
1203
10052
16029
7804
2834
1713
5760
10868
1755
16008
3215
10565
5219
3426
13955
6169
6091
13246
13066
6386
3483
15860
10824
11712
9523
11384
15725
5091
13736
8150
9848
2851
1496
7854
6379
110
1585
9243
3495
16081
10836
15011
10041
7471
4003
3002
12592
14862
57
3351
5845
999
5104
12092
11871
3582
14814
2289
11219
12485
13999
13254
12459
13727
10379
6145
12480
10984
2337
6875
3723
4524
13662
15528
3962
1699
13884
13376
2004
15571
8872
6761
6979
14578
666
7653
10473
8227
12888
5345
3512
2727
7823
3602
6548
13500
15635
1041
2922
8489
16156
195
9479
16311
14218
11476
14368
3778
4047
4860
11665
12994
2073
3005
12385
6856
12922
2587
9845
6112
11534
1799
14647
7658
14575
11313
4106
228
3805
10475
7467
1895
501
15713
9410
15582
4280
7755
11197
8427
9614
1410
14752
15763
12218
14318
14056
5001
10696
14470
10072
8112
7126
11849
355
1360
992
5855
14122
1822
6234
9306
13776
6752
4877
6868
3310
5367
12996
9444
4759
4380
15874
3360
10435
7601
3165
2323
16293
5859
837
4467
12261
5416
2527
15183
4778
3768
5217
4178
12134
12013
3397
11247
10719
1505
13292
16043
1466
15056
6865
6670
5055
13256
5868
4563
13131
6022
13
8451
6658
2102
13847
5053
3568
11360
10204
11644
7407
13032
7894
8018
12573
11455
3116
9827
14186
13402
12818
11718
4282
7401
11536
14606
7474
9188
5569
10002
8033
4413
8714
2443
8998
14432
9840
16267
9779
16057
12375
417
13365
15261
2612
10297
745
2855
10579
848
164
13514
479
16308
5340
9866
3918
8443
11048
3400
1877
15031
14485
9131
5972
632
6213
13873
15581
9130
14399
11032
5717
5042
6303
9849
9447
9942
4388
7477
6153
6351
7948
3127
173
11248
15326
8323
11046
3287
413
12885
303
6629
4088
11526
12528
2384
203
15866
7164
15919
4454
2401
1870
10933
12042
3242
10330
6456
1283
5154
2475
15683
13802
12599
10282
10558
12947
12631
2046
5963
9056
10705
6181
12308
15915
6308
3462
15221
9471
8772
12305
15765
7288
13106
9489
1576
8985
16301
8100
12754
8317
2983
8827
14644
14119
5679
5347
66
12405
4606
10118
825
9759
4246
13135
8009
12400
6407
11869
9460
14816
3309
8806
10819
13866
3250
11697
13800
11893
10839
14643
7458
4010
12575
14413
5602
14483
1680
6106
1732
3859
5197
9738
3619
11140
9407
13797
5128
5421
7239
7506
13016
8509
10136
6604
1605
7568
8257
5820
12039
6544
7982
13871
2702
4004
4291
12906
15177
5279
10842
5051
3970
10032
15451
15171
11129
797
561
7186
9698
6252
13073
11028
10668
14897
1096
12780
4904
4167
1666
2565
8769
2746
5050
10692
3321
7437
5919
11124
6497
12426
10202
2799
3132
15186
1331
5525
6081
14699
12624
7901
2167
10229
7369
15692
8268
15941
5482
3661
226
12806
8825
2040
4868
12327
2973
661
502
15883
6461
5940
6925
4859
2460
1759
6382
14702
10732
9379
5948
11762
2262
16373
9282
6139
698
15944
11116
11645
6060
674
7856
230
4874
5187
10898
13216
6217
2699
12890
7991
3279
14325
4670
5364
15753
10577
4275
11678
8263
4562
8896
10061
15802
11932
5269
2615
9947
8477
9061
9377
9087
14106
5155
9083
15714
7582
14302
13390
10465
12696
78
11473
9730
352
3991
9531
10609
15147
7897
7058
10895
9210
816
14227
8301
11477
364
5833
15707
10010
3920
11715
14239
4883
2655
721
1953
1719
789
7745
12532
3525
4993
10986
14986
705
3209
6895
15730
7078
14881
8007
10584
14054
14714
12844
2706
9010
11212
10066
15547
13397
308
14094
11260
2045
3399
1205
14859
5131
12817
11023
14595
15234
14604
6442
14014
12839
9148
9731
3719
4090
4085
7855
13645
5487
494
4385
10445
11945
8176
4243
3383
9214
4281
7304
11574
1063
14465
9509
10456
15109
11603
461
14870
3319
3887
14107
7015
15568
9430
4223
15837
6240
5186
7188
9114
2169
2657
3109
5774
15884
202
15035
10226
6197
14807
5608
1374
3959
3143
15138
4867
2032
14354
9771
2330
4389
10165
15067
2884
3219
14356
15517
5224
9245
8539
1306
4680
4452
4218
8765
2894
4055
3893
6257
7435
11034
792
10459
7826
2276
3120
8722
9086
2733
9882
570
3528
9153
3146
6277
1014
3506
8262
10361
8063
7789
5111
7912
2215
3359
5235
294
1664
2430
1154
14346
6996
4490
14763
12313
1707
15151
15436
15736
12493
10167
15825
14987
4839
11642
15709
12522
7163
8273
2476
1162
7167
8159
5250
8785
6269
3197
2563
147
13363
12585
14782
2171
13355
15028
9950
11931
11904
6894
8399
12249
9838
5756
5451
9745
2232
2219
9401
12005
7619
10727
8086
821
2961
12645
2325
7524
280
13545
552
3323
11754
5493
7305
5022
5330
10442
1107
14893
14991
4187
16194
2342
63
15778
10906
12734
11351
10832
6796
3189
3637
8020
6520
4007
10208
15491
8737
11390
4733
7337
1596
7244
2361
2082
10024
2233
12465
16164
5485
6074
6993
4398
9718
10597
8241
14674
2286
2868
13508
2974
6557
12892
5195
2436
11939
4695
11744
13924
3668
9605
1530
4796
14960
113
13541
4739
1675
5222
3800
13779
10989
1720
11879
14887
9246
11623
92
105
15488
4270
6969
2691
12730
6325
8393
1827
11416
11401
13519
14769
3184
4418
13811
2121
6636
3522
14826
11436
15349
5522
9665
2555
12102
3053
4835
6209
829
10573
11723
14088
10497
12423
11361
1950
10507
8259
516
15486
8119
13760
7097
562
5218
16369
5533
2420
3014
5459
11777
4390
1027
12011
8418
7848
6966
322
14830
12322
7502
2977
11314
13552
12091
7299
15032
11126
4325
1201
12873
13331
14245
1975
9336
13846
13608
12215
1346
14395
9011
9358
877
7523
13720
7214
10870
11266
14484
12905
10292
11086
4080
2722
15907
2508
14118
8520
15916
14791
15877
2180
9413
7690
11261
7786
435
15793
7920
1356
13619
13815
6132
6367
1403
4151
14716
7774
7625
2305
16300
3025
13910
10159
5251
522
14481
6850
3698
6237
12497
10182
15130
6216
14281
7400
3734
15219
15583
2212
10342
5407
10198
3241
16
5898
12727
13190
4849
2859
6783
1587
4109
16262
8873
809
4513
8098
2221
6556
15768
14200
5259
4436
15077
12247
3949
2640
237
9879
1590
1607
664
14911
3982
1215
1832
16221
10412
14316
14129
7806
5810
2198
11601
1
12741
9494
2956
1128
7637
4354
13948
9354
12437
12035
13187
8820
11823
8290
15760
15833
2931
9076
13587
16101
2047
2223
14238
15946
1705
13952
5744
10574
12967
392
9115
4302
438
14109
12825
15622
10354
3799
7914
4589
15983
14537
13209
6597
15481
3152
13794
13394
10915
11916
284
12030
4515
1043
3006
432
5653
4711
1242
1507
7746
10938
3759
7788
9598
2127
342
15388
14631
15706
12736
2614
9042
7334
10852
11796
11889
8687
8782
7025
15832
7739
7944
11379
3692
7262
11178
10879
1338
1962
618
14640
3013
6291
14723
14966
1010
3937
15496
9259
8267
1078
14392
7454
5867
12810
5113
2781
3703
4152
10378
3342
12764
1064
13405
4409
3822
7886
8559
8780
13841
9315
12269
7880
4426
5826
4265
1456
11648
5280
532
14388
10653
11445
3581
2738
10785
3908
5191
4639
14622
9753
12094
5900
3222
371
4475
11894
5175
4985
4573
15408
14728
1328
217
9763
5968
11326
13845
8364
9206
8008
1839
2810
3884
15096
4290
10284
5463
500
7761
11435
15678
2972
6527
15406
11657
5514
14904
1787
8857
4412
10823
543
13287
9502
2015
5151
8652
9703
6614
11988
4330
14405
3497
1077
14394
6549
1812
14829
13862
1814
304
16211
5631
3195
15920
3564
6798
9663
2636
13275
341
11142
1332
16132
12227
13740
765
10425
6555
1738
7555
12359
5058
15226
1853
3334
13458
15670
8940
12458
1282
14210
15169
10618
2570
8887
4125
11564
11364
10759
1344
13643
6651
3076
14195
1887
521
7153
6832
363
8369
1396
822
13540
16016
11483
14294
11919
579
7346
2303
11541
10854
5156
12302
14425
15277
8432
12343
2598
5310
11554
2675
878
12765
13951
10999
9235
8792
13675
4870
10691
3600
11637
5732
7940
9440
15764
10619
10550
4944
15010
16357
4583
16022
5119
11276
4939
7810
451
10242
1426
2039
7871
6392
15789
9089
5834
7034
6185
2611
1157
4699
6742
2523
14973
10081
1451
13342
5597
1303
9976
5301
6530
2290
12772
5444
6215
6871
10543
14516
1795
8117
10450
5599
6745
14556
4254
15024
4694
13117
267
4170
1348
5517
3704
3535
12427
14259
13935
8042
9629
2714
11253
12208
10962
6743
8120
7859
10149
3004
13093
15426
13383
12394
2403
12790
514
15161
10687
13994
15628
4505
9461
10365
15084
1099
7608
9458
5135
10510
11504
15808
5624
9984
11688
16304
6912
11980
7070
14290
13585
5746
7147
10279
1521
3181
6957
15319
1830
12399
11635
12333
3371
10029
2264
2873
12745
4197
7056
16286
2545
8641
2965
6997
5612
1447
1990
12558
11374
5586
1129
4750
2839
3579
5471
9323
12728
3498
8626
4210
2808
6288
7375
6256
12945
12511
11886
9442
1682
1545
8638
8310
10120
11968
8485
1988
15593
12853
635
8498
11519
3835
12032
12641
2496
8388
12759
1557
3464
15758
5423
5769
185
3665
8405
6477
3550
3910
15044
14134
10336
6427
337
10582
15976
4374
6241
5605
16205
507
13242
4298
10959
1715
13843
15113
8515
12287
5152
505
14955
5321
4615
12973
13095
15830
8021
8392
707
12943
3670
16184
15196
10981
7160
12907
3534
15124
4324
949
13333
9348
14970
4083
12877
3147
4064
5253
1951
1602
9524
6589
7682
11118
15541
10952
15457
14510
7082
15127
15652
12959
7168
1781
16341
6361
13170
13306
13341
15201
9437
7715
12915
234
2423
13025
5567
4287
12715
13876
780
15705
9844
13942
7597
15880
6423
9913
15563
16031
788
12932
991
9546
15531
7222
8668
6376
4502
5470
8284
3883
16032
4180
7802
6318
1062
14751
7927
6727
1696
9381
2360
14482
10472
750
14548
4288
12883
656
7546
3394
7541
5409
7202
8070
8733
6310
13422
12225
3028
3445
5884
1400
6204
12934
15827
12559
9690
10830
14749
6293
9393
5115
10742
13092
12454
13807
1019
9860
11944
9484
1181
3989
11059
14171
159
10867
9822
11113
10335
13960
11537
11858
14773
14779
9992
9385
11857
9616
11998
12007
9612
15367
1623
13850
9231
7660
16246
4483
15082
2117
1906
8213
11155
853
1080
6263
12100
2694
11807
8523
10133
9717
9183
2086
7736
14192
1191
8912
11963
6148
6052
12677
3168
1811
1048
4182
6664
4038
5249
52
14155
15979
7969
4429
11586
10184
15903
13975
9857
14125
11766
1850
556
3728
16307
15346
607
5342
4886
12262
10037
6030
770
12366
4453
14797
10822
12979
2326
10655
10996
10975
4783
2999
11226
12014
12107
12665
16339
15148
5362
5414
1517
7618
576
1387
4630
7878
12673
2380
11003
5609
6394
3346
6733
14069
11776
274
12929
11896
7209
13777
67
3016
1272
1509
7297
756
15298
15270
9432
10970
4642
987
6260
15873
5843
269
412
13361
4422
7749
7021
3591
2083
7718
1127
8
2182
12798
13083
7803
9600
8138
13728
5928
8456
222
1592
6904
10197
12733
12693
5248
7958
14390
12556
518
5761
4995
14630
6678
16040
8614
10803
6680
14224
8920
5271
9556
7059
15602
8730
3469
10825
15040
14495
2011
856
6261
4649
7542
13081
3658
7116
13281
2531
9994
8037
12771
5011
15194
12966
6370
3824
16309
12188
8133
16222
3825
2671
8508
12306
12022
3258
4902
5319
1174
15134
12122
9386
10554
14625
12794
14753
10374
2560
9171
11417
4359
9897
4755
4645
953
16334
8471
1693
9398
9831
1569
8302
12653
16004
7453
5254
11006
16051
15633
7632
2905
11125
11531
8696
4448
5166
10540
12627
4607
1343
6827
238
6019
3408
8500
10576
5781
2129
8321
15166
6428
1480
13150
2461
14684
9892
6851
11655
1694
3156
10806
15225
5680
1798
13061
14838
12637
2548
348
9321
15961
7157
148
6149
6542
5869
6444
4843
13308
3340
14924
10751
9692
1568
11632
4438
5981
8157
3297
1947
5550
6100
5192
3121
3548
2067
2263
6073
6654
2569
14949
15643
5803
5618
15019
13438
4671
16314
10909
8307
14840
11159
12294
6512
7945
4970
7673
7183
12386
4800
5562
12589
15391
5497
13790
14179
5990
144
9884
3015
14193
12329
4654
6834
3594
888
12654
13792
30
3289
15079
3943
14203
10429
4885
9099
6849
9875
10890
5887
14043
5885
10195
12481
13191
13389
1160
381
9787
944
5359
12608
8938
13666
13279
4726
3283
101
9776
13583
10917
15012
9527
13094
10709
15574
7266
15329
2838
4045
15842
5103
15940
12955
13721
12731
14739
13315
7479
5844
5976
1580
3075
5643
3583
12277
2281
11254
14758
11235
7687
9905
14329
2505
10009
2572
12297
14087
2641
7561
8783
13452
1401
14449
535
1969
9736
7953
2075
2770
13444
12241
12941
6776
16325
3102
12428
250
14189
16160
10936
189
14587
77
10787
14187
3370
3322
6138
11763
4472
13664
12886
15
7623
813
2623
6107
2990
4217
9357
5784
8224
13038
14460
7238
11035
5178
16150
11951
12418
2499
13482
12236
14429
4037
10205
1804
7318
3473
12590
6907
8051
12020
11627
6114
3389
2277
2003
931
12711
5273
15610
2336
4480
8457
2309
5512
11382
13262
15370
13892
3573
2725
5172
12787
6037
16158
11994
808
4019
3414
2
8550
6936
4802
15990
3784
7107
13872
5086
16242
7554
15679
7205
12981
4764
15501
8472
11739
11169
2617
1140
11057
13621
14592
10057
10851
3988
6876
6203
680
2338
14997
13988
1875
14800
10500
11446
7103
14101
16379
10183
14298
10270
3876
4814
10012
14050
15535
1068
5673
4854
14810
3224
8028
2063
1137
9037
3326
3915
8183
6552
14646
12840
5434
2739
140
11431
5704
5894
11618
958
8090
6975
15749
9396
8897
16251
11660
3869
11027
3868
460
15016
7027
10789
13157
14981
1467
6821
8682
14591
4460
4249
12251
1632
1898
13257
7430
13920
8351
11713
9601
2768
15283
12833
15258
5068
15208
12212
2184
8963
8981
10386
12609
11812
14680
15821
3384
6991
3880
3856
10718
321
11914
415
5720
610
13992
4381
9596
13515
14634
16157
1863
11320
5823
11349
6862
14081
10317
15267
1747
10905
14133
511
767
4550
9628
950
9397
4487
11381
6396
10910
119
8050
9709
14821
85
8329
11137
1237
2920
4423
588
1090
5329
3261
6988
4794
12709
16363
5954
2881
3380
13632
2872
9606
11686
10096
12656
13733
2238
14142
5504
12669
15949
15247
1535
16198
7440
37
13820
16219
15672
10214
12610
2958
194
3193
2322
7320
5944
241
1917
9823
6738
14265
6067
279
8784
5786
14474
14846
9364
10326
14608
4641
2450
9924
16112
12618
177
11104
11561
14145
13334
3433
2381
493
9487
2589
1612
10322
2782
11532
9372
12985
2740
1837
5579
4703
7129
14669
12739
9308
15423
5942
8693
13931
10633
10826
14853
12488
2997
914
5484
430
12622
7434
6650
8206
8011
5446
3402
7172
3631
14369
8671
15738
4959
407
5738
11193
7674
4039
16256
1941
10606
4560
10243
6302
14557
13746
4461
12520
15006
776
523
468
8212
12596
16353
14873
8404
12633
1311
11136
7925
9026
5526
508
9862
13598
3177
1339
1366
8602
8236
10790
14650
5507
15974
1471
15220
3643
14242
10518
12831
14479
4272
1382
564
5945
13182
5139
5431
457
11206
16260
3107
3927
12396
9426
5112
2660
4498
4329
9468
8238
36
8800
9539
15685
5164
12688
6787
10777
13201
7530
612
12109
6632
15540
9980
4195
10154
5256
3308
13406
7617
3223
8878
11610
11237
1672
4974
9067
127
14444
14880
6309
15935
3634
9316
8580
2927
4401
5
2845
1110
15813
10398
13525
15554
3604
549
6007
5927
7580
13451
12015
10280
14237
4821
15636
10295
12145
2017
4177
9933
11735
2316
14504
3921
180
13809
10042
12204
12952
8942
14921
633
14704
2590
11907
13916
11901
2068
2035
4278
14832
5931
9699
11170
6445
11924
10403
7118
4488
5893
1248
8334
14220
7386
7726
16261
11426
1357
7836
5505
13200
14944
4261
9092
4710
3926
9714
2069
10664
290
2890
5184
16068
175
2467
7797
5376
11394
10064
659
14037
4558
2833
8957
6791
12444
6403
384
3712
12856
14969
6961
2661
15078
9761
14521
8124
10338
6744
10019
6748
8136
13437
6320
2682
8260
6163
12893
4208
9411
1012
15839
14713
3031
9192
9579
9382
1581
2755
8760
9317
7759
13314
10767
11548
10235
2898
10690
7469
14100
206
11921
10350
13289
12792
1991
2534
2735
11424
13043
6176
5006
4647
14194
276
11725
5236
10837
14744
8422
713
3560
3187
8898
1520
5200
6146
3444
13178
11745
6486
3681
4784
11415
9344
6186
15132
9213
16104
8059
1896
11386
16139
16370
3531
8735
8421
15559
2217
15108
7832
15237
10931
9265
12613
11706
1533
6228
2852
7949
5768
5630
11948
14021
4430
4306
16003
5379
5936
1886
13253
14861
16182
8490
12285
6439
1549
1290
3756
15157
14666
2831
15105
5378
7000
14146
2832
13324
16015
10115
16226
6079
12983
14525
9477
7999
7156
16316
11013
7233
5775
11083
9274
15957
14073
7099
4668
16290
14108
7138
13153
15026
1223
9781
5370
12746
2753
12003
12393
3271
4909
1138
8533
14972
10251
3074
14006
14603
12550
4123
13120
13309
5861
2295
15205
3934
395
11038
8905
2557
3504
15651
4411
13689
11719
5262
13499
4149
10039
2541
14900
349
142
13450
3557
15623
8972
15891
8197
6470
15060
5307
6665
2194
6688
9186
643
3032
14796
4931
8962
11748
8327
935
3865
8278
10200
7132
697
839
6730
2957
12823
16173
6110
14599
957
568
14442
13968
8367
11721
12537
1449
1775
10670
2016
9140
12793
8205
14818
13301
1933
9732
4086
7181
7950
5439
9420
13791
5544
3821
1408
4267
3811
13959
13188
2975
8246
3720
9543
6085
5429
12065
7284
13578
7631
3718
12536
15403
10941
8146
9899
1075
9331
13886
9191
12690
10407
2050
15265
10814
11658
3688
768
14843
2680
2639
1086
13485
16193
11190
8607
2790
11740
2926
10570
2428
10356
12571
8161
4528
12377
3471
7558
11245
13226
15747
11870
2784
8862
15440
74
9431
8791
15572
6057
6168
3775
4791
1147
10308
10635
11149
15996
11716
4799
5695
2410
12404
12379
13193
200
11403
1911
4283
10638
4225
12185
7890
7342
4757
1803
9045
10925
9209
1220
3225
11174
13958
5332
11970
3442
2765
1316
7295
11622
7235
8653
6838
12496
6790
9780
3807
11463
1993
6970
10247
504
15402
7592
13706
13743
2875
12837
6553
12491
4323
10862
4701
394
1424
13352
100
7825
2815
6732
10657
13929
